xof 0303txt 0032

template AnimTicksPerSecond {
  <9E415A43-7BA6-4a73-8743-B73D47E88476>
  DWORD AnimTicksPerSecond;
}

template XSkinMeshHeader {
  <3cf169ce-ff7c-44ab-93c0-f78f62d172e2>
  WORD nMaxSkinWeightsPerVertex;
  WORD nMaxSkinWeightsPerFace;
  WORD nBones;
}

template SkinWeights {
  <6f0d123b-bad2-4167-a0d0-80224f25fabb>
  STRING transformNodeName;
  DWORD nWeights;
  array DWORD vertexIndices[nWeights];
  array float weights[nWeights];
  Matrix4x4 matrixOffset;
}

Frame Root {
  FrameTransformMatrix {
     1.000000, 0.000000, 0.000000, 0.000000,
     0.000000,-0.000000, 1.000000, 0.000000,
     0.000000, 1.000000, 0.000000, 0.000000,
     0.000000, 0.000000, 0.000000, 1.000000;;
  }
  Frame Bip001 {
    FrameTransformMatrix {
       0.000000,-0.006574,-0.024535, 0.000000,
       0.025400, 0.000000, 0.000000, 0.000000,
       0.000000,-0.024535, 0.006574, 0.000000,
      -0.185489, 1.487382, 1.873346, 1.000000;;
    }
    Frame Bip001_Bip001_Pelvis {
      FrameTransformMatrix {
         0.028261, 0.122032, 0.992124, 0.000000,
         0.998992, 0.031165,-0.032290, 0.000000,
        -0.034860, 0.992036,-0.121029, 0.000000,
        -0.000000, 0.000001,-0.000001, 1.000000;;
      }
      Frame Bip001_Bip001_Spine {
        FrameTransformMatrix {
           0.963940, 0.161724,-0.211340, 0.000000,
          -0.168786, 0.985528,-0.015692, 0.000000,
           0.205744, 0.050797, 0.977287, 0.000000,
          28.978954,-0.981715,-3.533696, 1.000000;;
        }
        Frame Bip001_Bip001_L_Thigh {
          FrameTransformMatrix {
            -0.470965, 0.753120, 0.459351, 0.000000,
             0.873783, 0.326705, 0.360232, 0.000000,
             0.121225, 0.571029,-0.811930, 0.000000,
            -38.039703, 5.096684,41.552708, 1.000000;;
          }
          Frame Bip001_Bip001_L_Calf {
            FrameTransformMatrix {
               0.235978,-0.971759,-0.000001, 0.000000,
               0.971759, 0.235978,-0.000001, 0.000000,
               0.000001,-0.000000, 1.000000, 0.000000,
              62.135403,-0.000008,-0.000086, 1.000000;;
            }
            Frame Bip001_Bip001_L_Foot {
              FrameTransformMatrix {
                 0.773118, 0.489978, 0.402753, 0.000000,
                -0.555167, 0.829843, 0.056126, 0.000000,
                -0.306722,-0.266987, 0.913586, 0.000000,
                48.533703, 0.000015,-0.000041, 1.000000;;
              }
              Frame Bip001_Bip001_L_Toe0 {
                FrameTransformMatrix {
                  -0.643470, 0.755495,-0.123181, 0.000000,
                  -0.688525,-0.641561,-0.338130, 0.000000,
                  -0.334484,-0.132763, 0.933003, 0.000000,
                  18.297234,19.388874, 0.373260, 1.000000;;
                }
                Frame Bip001_Bip001_L_Toe0Nub {
                  FrameTransformMatrix {
                    -1.000000, 0.000000,-0.000000, 0.000000,
                     0.000000, 1.000000,-0.000000, 0.000000,
                     0.000000,-0.000000,-1.000000, 0.000000,
                    23.939140, 0.000007, 0.000012, 1.000000;;
                  }
                } // End of Bip001_Bip001_L_Toe0Nub
              } // End of Bip001_Bip001_L_Toe0
            } // End of Bip001_Bip001_L_Foot
          } // End of Bip001_Bip001_L_Calf
        } // End of Bip001_Bip001_L_Thigh
        Frame Bip001_Bip001_R_Thigh {
          FrameTransformMatrix {
             0.237102, 0.827100,-0.509597, 0.000000,
             0.840350,-0.437806,-0.319589, 0.000000,
            -0.487437,-0.352465,-0.798858, 0.000000,
            -19.004326, 6.509882,-46.470577, 1.000000;;
          }
          Frame Bip001_Bip001_R_Calf {
            FrameTransformMatrix {
              -0.490348,-0.871527, 0.000000, 0.000000,
               0.871527,-0.490348,-0.000001, 0.000000,
               0.000001,-0.000000, 1.000000, 0.000000,
              62.135323,-0.000042,-0.000074, 1.000000;;
            }
            Frame Bip001_Bip001_R_Foot {
              FrameTransformMatrix {
                 0.200627, 0.945781,-0.255435, 0.000000,
                -0.979655, 0.195044,-0.047277, 0.000000,
                 0.005107, 0.259723, 0.965670, 0.000000,
                48.533764, 0.000018,-0.000008, 1.000000;;
              }
              Frame Bip001_Bip001_R_Toe0 {
                FrameTransformMatrix {
                  -0.232445, 0.972608, 0.001600, 0.000000,
                  -0.970944,-0.232142, 0.058116, 0.000000,
                   0.056895, 0.011955, 0.998309, 0.000000,
                  18.297239,19.388884,-0.373277, 1.000000;;
                }
                Frame Bip001_Bip001_R_Toe0Nub {
                  FrameTransformMatrix {
                     1.000000, 0.000000,-0.000000, 0.000000,
                    -0.000000, 1.000000,-0.000000, 0.000000,
                    -0.000000, 0.000000, 1.000000, 0.000000,
                    23.939146,-0.000009,-0.000011, 1.000000;;
                  }
                } // End of Bip001_Bip001_R_Toe0Nub
              } // End of Bip001_Bip001_R_Toe0
            } // End of Bip001_Bip001_R_Foot
          } // End of Bip001_Bip001_R_Calf
        } // End of Bip001_Bip001_R_Thigh
        Frame Bip001_Bip001_Spine1 {
          FrameTransformMatrix {
             0.974048, 0.094412, 0.205709, 0.000000,
            -0.090200, 0.995478,-0.029782, 0.000000,
            -0.207591, 0.010454, 0.978160, 0.000000,
            49.392303,-0.034414, 0.001025, 1.000000;;
          }
          Frame Bip001_Bip001_Neck {
            FrameTransformMatrix {
               0.929269,-0.363749,-0.064392, 0.000000,
               0.362968, 0.931497,-0.023850, 0.000000,
               0.068656,-0.001209, 0.997640, 0.000000,
              63.327969, 3.507663,-29.086613, 1.000000;;
            }
            Frame Bip001_Bip001_L_Clavicle {
              FrameTransformMatrix {
                 0.389063, 0.194547, 0.900435, 0.000000,
                 0.359754,-0.931917, 0.045905, 0.000000,
                 0.848061, 0.306075,-0.432563, 0.000000,
                -28.368237, 9.989758,45.356270, 1.000000;;
              }
              Frame Bip001_Bip001_L_UpperArm {
                FrameTransformMatrix {
                   0.169363,-0.621730,-0.764701, 0.000000,
                   0.285115, 0.773641,-0.565853, 0.000000,
                   0.943412,-0.122193, 0.308291, 0.000000,
                  36.928650, 0.000026,-0.000028, 1.000000;;
                }
                Frame Bip001_Bip001_L_Forearm {
                  FrameTransformMatrix {
                     0.999999,-0.001424,-0.000000, 0.000000,
                     0.001424, 0.999999,-0.000000, 0.000000,
                     0.000000, 0.000000, 1.000000, 0.000000,
                    32.912300,-0.000011,-0.000051, 1.000000;;
                  }
                  Frame Bip001_Bip001_L_Hand {
                    FrameTransformMatrix {
                      -0.185023,-0.719949, 0.668909, 0.000000,
                       0.911012,-0.380916,-0.157991, 0.000000,
                       0.368543, 0.580152, 0.726361, 0.000000,
                      32.753422,-0.000014,-0.000059, 1.000000;;
                    }
                    Frame Bip001_Bip001_L_Finger0 {
                      FrameTransformMatrix {
                         0.953856,-0.300265, 0.000240, 0.000000,
                         0.300265, 0.953855,-0.000759, 0.000000,
                        -0.000001, 0.000796, 1.000000, 0.000000,
                        23.049265,-0.034384,-0.002440, 1.000000;;
                      }
                      Frame Bip001_Bip001_L_Finger0Nub {
                        FrameTransformMatrix {
                           1.000000,-0.000001,-0.000000, 0.000000,
                           0.000001, 1.000000, 0.000000, 0.000000,
                          -0.000000,-0.000000, 1.000000, 0.000000,
                          14.680459,-0.000020,-0.000012, 1.000000;;
                        }
                      } // End of Bip001_Bip001_L_Finger0Nub
                    } // End of Bip001_Bip001_L_Finger0
                  } // End of Bip001_Bip001_L_Hand
                } // End of Bip001_Bip001_L_Forearm
              } // End of Bip001_Bip001_L_UpperArm
            } // End of Bip001_Bip001_L_Clavicle
            Frame Bip001_Bip001_Neck1 {
              FrameTransformMatrix {
                 0.992145,-0.123992,-0.016544, 0.000000,
                 0.123959, 0.992283,-0.003038, 0.000000,
                 0.016793, 0.000963, 0.999858, 0.000000,
                37.264980,-0.027317, 0.000098, 1.000000;;
              }
              Frame Bip001_Bip001_Neck2 {
                FrameTransformMatrix {
                   0.996908, 0.049819,-0.060771, 0.000000,
                  -0.051813, 0.998154,-0.031694, 0.000000,
                   0.059080, 0.034745, 0.997649, 0.000000,
                  34.683983,-0.026109, 0.000824, 1.000000;;
                }
                Frame Bip001_Bip001_Head {
                  FrameTransformMatrix {
                     0.943142, 0.330962, 0.030780, 0.000000,
                    -0.331775, 0.942983, 0.026630, 0.000000,
                    -0.020211,-0.035328, 0.999172, 0.000000,
                    45.403473, 2.149536, 1.028178, 1.000000;;
                  }
                  Frame Bip001_Bip001_HeadNub {
                    FrameTransformMatrix {
                       1.000000,-0.000002, 0.000000, 0.000000,
                       0.000002, 1.000000,-0.000000, 0.000000,
                      -0.000000, 0.000000, 1.000000, 0.000000,
                      53.610104, 0.000087, 0.000006, 1.000000;;
                    }
                  } // End of Bip001_Bip001_HeadNub
                  Frame Bip001_Bip001_Ponytail1 {
                    FrameTransformMatrix {
                       0.838425, 0.545017, 0.000001, 0.000000,
                      -0.545017, 0.838425,-0.000001, 0.000000,
                      -0.000001,-0.000000, 1.000000, 0.000000,
                       3.790490,21.404301,-0.000024, 1.000000;;
                    }
                    Frame Bip001_Bip001_Ponytail1Nub {
                      FrameTransformMatrix {
                         0.000796, 1.000000, 0.000003, 0.000000,
                         1.000000,-0.000796,-0.000000, 0.000000,
                        -0.000000, 0.000003,-1.000000, 0.000000,
                        54.378738,-0.000064, 0.000004, 1.000000;;
                      }
                    } // End of Bip001_Bip001_Ponytail1Nub
                  } // End of Bip001_Bip001_Ponytail1
                } // End of Bip001_Bip001_Head
              } // End of Bip001_Bip001_Neck2
            } // End of Bip001_Bip001_Neck1
            Frame Bip001_Bip001_R_Clavicle {
              FrameTransformMatrix {
                 0.338737, 0.428544,-0.837620, 0.000000,
                 0.365381,-0.880296,-0.302616, 0.000000,
                -0.867037,-0.203543,-0.454771, 0.000000,
                -26.082243,10.836574, 9.938157, 1.000000;;
              }
              Frame Bip001_Bip001_R_UpperArm {
                FrameTransformMatrix {
                   0.872728,-0.394959, 0.286972, 0.000000,
                  -0.044445, 0.521093, 0.852341, 0.000000,
                  -0.486180,-0.756617, 0.437219, 0.000000,
                  36.928696,-0.000004,-0.000010, 1.000000;;
                }
                Frame Bip001_Bip001_R_Forearm {
                  FrameTransformMatrix {
                     0.520187,-0.854053, 0.000001, 0.000000,
                     0.854053, 0.520187, 0.000001, 0.000000,
                    -0.000001, 0.000000, 1.000000, 0.000000,
                    32.912323, 0.000011, 0.000021, 1.000000;;
                  }
                  Frame Bip001_Bip001_R_Hand {
                    FrameTransformMatrix {
                       0.540852,-0.301394,-0.785265, 0.000000,
                       0.833731, 0.315560, 0.453117, 0.000000,
                       0.111231,-0.899769, 0.421953, 0.000000,
                      32.753445,-0.000021, 0.000004, 1.000000;;
                    }
                    Frame Bip001_Bip001_R_Finger0 {
                      FrameTransformMatrix {
                         0.988817,-0.149134,-0.000118, 0.000000,
                         0.149134, 0.988817, 0.000787, 0.000000,
                        -0.000000,-0.000796, 1.000000, 0.000000,
                        23.049221,-0.034366, 0.002435, 1.000000;;
                      }
                      Frame Bip001_Bip001_R_Finger0Nub {
                        FrameTransformMatrix {
                          -1.000000, 0.000001, 0.000001, 0.000000,
                           0.000001, 1.000000, 0.000000, 0.000000,
                          -0.000001, 0.000000,-1.000000, 0.000000,
                          14.680479,-0.000005,-0.000030, 1.000000;;
                        }
                      } // End of Bip001_Bip001_R_Finger0Nub
                    } // End of Bip001_Bip001_R_Finger0
                  } // End of Bip001_Bip001_R_Hand
                } // End of Bip001_Bip001_R_Forearm
              } // End of Bip001_Bip001_R_UpperArm
            } // End of Bip001_Bip001_R_Clavicle
          } // End of Bip001_Bip001_Neck
          Frame Bip001_Bone005 {
            FrameTransformMatrix {
               0.912305,-0.409099,-0.018363, 0.000000,
              -0.409462,-0.911972,-0.025466, 0.000000,
              -0.006329, 0.030752,-0.999507, 0.000000,
              62.884232, 4.387582,35.073547, 1.000000;;
            }
            Frame Bip001_Bone006 {
              FrameTransformMatrix {
                 0.983252, 0.172334, 0.059309, 0.000000,
                -0.171669, 0.985022,-0.016174, 0.000000,
                -0.061208, 0.005722, 0.998109, 0.000000,
                38.167698,-0.000049,-0.000000, 1.000000;;
              }
              Frame Bip001_Bone007 {
                FrameTransformMatrix {
                   0.983129,-0.162815, 0.083362, 0.000000,
                   0.168150, 0.983839,-0.061533, 0.000000,
                  -0.071996, 0.074512, 0.994618, 0.000000,
                  35.925713, 0.000013, 0.000002, 1.000000;;
                }
                Frame Bip001_Bone_Head_L {
                  FrameTransformMatrix {
                     0.977028,-0.185855, 0.104279, 0.000000,
                     0.180496, 0.981820, 0.058747, 0.000000,
                    -0.113301,-0.038575, 0.992812, 0.000000,
                    44.287437,-0.000005, 0.000021, 1.000000;;
                  }
                  Frame Bip001_Bone_Ponytail2 {
                    FrameTransformMatrix {
                       0.864923,-0.498880,-0.055009, 0.000000,
                       0.499826, 0.866116, 0.004041, 0.000000,
                       0.045628,-0.030990, 0.998478, 0.000000,
                       4.710192,-21.657112,-0.728521, 1.000000;;
                    }
                    Frame Bip001_Bone011 {
                      FrameTransformMatrix {
                         1.000000, 0.000002,-0.000000, 0.000000,
                        -0.000002, 1.000000, 0.000000, 0.000000,
                         0.000000,-0.000000, 1.000000, 0.000000,
                        50.778141, 0.000201,-0.000018, 1.000000;;
                      }
                    } // End of Bip001_Bone011
                  } // End of Bip001_Bone_Ponytail2
                  Frame Bip001_Bone009 {
                    FrameTransformMatrix {
                       0.999055, 0.001405,-0.043442, 0.000000,
                       0.000006, 0.999473, 0.032465, 0.000000,
                       0.043465,-0.032435, 0.998528, 0.000000,
                      51.150436, 0.000132, 0.000019, 1.000000;;
                    }
                  } // End of Bip001_Bone009
                } // End of Bip001_Bone_Head_L
              } // End of Bip001_Bone007
            } // End of Bip001_Bone006
          } // End of Bip001_Bone005
        } // End of Bip001_Bip001_Spine1
        Frame Bip001_Bone001 {
          FrameTransformMatrix {
             0.144873, 0.528104,-0.836730, 0.000000,
            -0.051303, 0.848523, 0.526665, 0.000000,
             0.988119,-0.033372, 0.150022, 0.000000,
            35.697647,33.850090,-50.554050, 1.000000;;
          }
          Frame Bip001_Bone002 {
            FrameTransformMatrix {
               0.154391, 0.982295,-0.106107, 0.000000,
              -0.987900, 0.155080,-0.001782, 0.000000,
               0.014704, 0.105099, 0.994353, 0.000000,
              32.119011, 0.000007,-0.000022, 1.000000;;
            }
            Frame Bip001_Bone_R_Foot_Z {
              FrameTransformMatrix {
                 0.659002,-0.583137, 0.475044, 0.000000,
                 0.633663, 0.770701, 0.067023, 0.000000,
                -0.405200, 0.256850, 0.877406, 0.000000,
                26.950115, 0.000027, 0.000005, 1.000000;;
              }
              Frame Bip001_Bone004 {
                FrameTransformMatrix {
                   0.999593, 0.010619, 0.026472, 0.000000,
                  -0.009506, 0.999080,-0.041806, 0.000000,
                  -0.026892, 0.041537, 0.998775, 0.000000,
                  19.604206, 0.000026,-0.000005, 1.000000;;
                }
              } // End of Bip001_Bone004
            } // End of Bip001_Bone_R_Foot_Z
          } // End of Bip001_Bone002
        } // End of Bip001_Bone001
        Frame Bip001_Bone001_mirrored_ {
          FrameTransformMatrix {
             0.144873, 0.528101, 0.836732, 0.000000,
             0.051304,-0.848525, 0.526662, 0.000000,
             0.988119,-0.033372,-0.150021, 0.000000,
            35.697624,33.849976,51.808125, 1.000000;;
          }
          Frame Bip001_Bone002_mirrored_ {
            FrameTransformMatrix {
              -0.007275,-0.994187,-0.107417, 0.000000,
               0.999970,-0.007510, 0.001782, 0.000000,
              -0.002579,-0.107400, 0.994212, 0.000000,
              32.119007,-0.000020, 0.000011, 1.000000;;
            }
            Frame Bip001_Bone_L_Foot_Z {
              FrameTransformMatrix {
                 0.918822, 0.257577,-0.299033, 0.000000,
                -0.323732, 0.925258,-0.197724, 0.000000,
                 0.225753, 0.278480, 0.933534, 0.000000,
                26.950100,-0.000013,-0.000006, 1.000000;;
              }
              Frame Bip001_Bone004_mirrored_ {
                FrameTransformMatrix {
                   0.999593,-0.010619, 0.026472, 0.000000,
                   0.009506, 0.999080, 0.041806, 0.000000,
                  -0.026892,-0.041537, 0.998775, 0.000000,
                  19.604202,-0.000036,-0.000003, 1.000000;;
                }
              } // End of Bip001_Bone004_mirrored_
            } // End of Bip001_Bone_L_Foot_Z
          } // End of Bip001_Bone002_mirrored_
        } // End of Bip001_Bone001_mirrored_
      } // End of Bip001_Bip001_Spine
      Frame Bip001_Bone012 {
        FrameTransformMatrix {
          -0.996962,-0.070066,-0.034031, 0.000000,
          -0.070107, 0.997540,-0.000003, 0.000000,
           0.033947, 0.002383,-0.999421, 0.000000,
          -19.090189, 0.272833,-0.000027, 1.000000;;
        }
        Frame Bip001_Bone013 {
          FrameTransformMatrix {
             0.993524, 0.027239,-0.110311, 0.000000,
            -0.027083, 0.999629, 0.002910, 0.000000,
             0.110349, 0.000096, 0.993893, 0.000000,
            59.096630, 0.000042, 0.000009, 1.000000;;
          }
          Frame Bip001_Bone014 {
            FrameTransformMatrix {
               0.973764, 0.009933,-0.227346, 0.000000,
              -0.009103, 0.999948, 0.004699, 0.000000,
               0.227381,-0.002506, 0.973803, 0.000000,
              56.799068, 0.000085, 0.000003, 1.000000;;
            }
            Frame Bip001_Bone015 {
              FrameTransformMatrix {
                 0.965266,-0.142997,-0.218662, 0.000000,
                 0.142003, 0.989657,-0.020342, 0.000000,
                 0.219310,-0.011415, 0.975589, 0.000000,
                68.654221,-0.000028,-0.000017, 1.000000;;
              }
              Frame Bip001_Bone016 {
                FrameTransformMatrix {
                   1.000000, 0.000000,-0.000000, 0.000000,
                  -0.000000, 1.000000,-0.000000, 0.000000,
                   0.000000, 0.000000, 1.000000, 0.000000,
                  64.565536, 0.000038, 0.000009, 1.000000;;
                }
              } // End of Bip001_Bone016
            } // End of Bip001_Bone015
          } // End of Bip001_Bone014
        } // End of Bip001_Bone013
      } // End of Bip001_Bone012
    } // End of Bip001_Bip001_Pelvis
    Frame Bip001_Footsteps {
      FrameTransformMatrix {
         0.000001, 1.000000,-0.000000, 0.000000,
        -0.258819, 0.000000,-0.965926, 0.000000,
        -0.965926, 0.000001, 0.258819, 0.000000,
        67.679871,-0.000099,-18.134777, 1.000000;;
      }
    } // End of Bip001_Footsteps
    Frame fu_shi_long_001_ty {
      FrameTransformMatrix {
         0.000001, 1.000000, 0.000000, 0.000000,
        -0.258819, 0.000001,-0.965926, 0.000000,
        -0.965926, 0.000001, 0.258819, 0.000000,
        86.396713, 7.302565,37.474140, 1.000000;;
      }
      Mesh { // fu_shi_long_001_ty mesh
        5994;
         2.493900;-82.072197;50.651001;,
        12.340400;-81.841202;51.108700;,
         7.814600;-81.211700;74.224297;,
         7.814600;-81.211700;74.224297;,
         2.493900;-81.471100;73.639503;,
         2.493900;-82.072197;50.651001;,
         2.493900;-78.394302;94.476997;,
         2.493900;-81.471100;73.639503;,
         7.814600;-81.211700;74.224297;,
         7.814600;-81.211700;74.224297;,
        11.083200;-76.925499;95.662697;,
         2.493900;-78.394302;94.476997;,
         2.493900;-52.162498;122.677299;,
        18.875601;-39.816601;123.144997;,
        11.163300;-38.063599;133.421906;,
        11.163300;-38.063599;133.421906;,
         2.493900;-43.584499;133.897903;,
         2.493900;-52.162498;122.677299;,
        70.326797;-75.696999;67.127602;,
        73.489899;-50.413700;71.813698;,
        60.306198;-74.341797;72.982300;,
        64.447304;-22.745899;58.172699;,
        50.687000;-21.745300;40.114498;,
        56.782600;-17.851999;40.441799;,
        56.782600;-17.851999;40.441799;,
        69.837196;-18.840300;54.262501;,
        64.447304;-22.745899;58.172699;,
         2.493900; 0.013900;126.588203;,
        35.703400;-29.097000;119.913101;,
        39.526299;16.426600;121.792503;,
        39.526299;16.426600;121.792503;,
        22.284599;21.135201;126.114700;,
         2.493900; 0.013900;126.588203;,
        18.875601;-39.816601;123.144997;,
        35.703400;-29.097000;119.913101;,
         2.493900;-24.967899;127.382004;,
        20.842699;72.608803;118.694298;,
        32.524899;96.938698;103.862900;,
         2.493900;99.471001;112.012703;,
         2.493900;99.471001;112.012703;,
         2.493900;88.063301;117.331299;,
        20.842699;72.608803;118.694298;,
         2.493900;134.409302;94.101501;,
         2.493900;115.849701;100.070900;,
        20.985300;128.608200;86.466301;,
        10.209300;153.312805;80.027603;,
         2.493900;165.325302;86.196503;,
         2.493900;149.348297;83.494202;,
         2.493900;129.143600;109.067902;,
         8.247500;114.653397;108.154602;,
         2.493900;119.072998;104.242599;,
        13.413500;106.288300;104.852898;,
         8.247500;114.653397;108.154602;,
         2.493900;113.354301;113.153397;,
         2.493900;113.354301;113.153397;,
         2.493900;99.471001;112.012703;,
        13.413500;106.288300;104.852898;,
        11.629500;79.469200;127.656998;,
        20.842699;72.608803;118.694298;,
         2.493900;88.063301;117.331299;,
         2.493900;88.063301;117.331299;,
         2.493900;86.634003;125.953697;,
        11.629500;79.469200;127.656998;,
         2.493900;71.382004;130.261902;,
         2.493900;56.128502;123.128799;,
        20.842699;72.608803;118.694298;,
        20.842699;72.608803;118.694298;,
        11.629500;79.469200;127.656998;,
         2.493900;71.382004;130.261902;,
         2.493900;57.899300;156.124893;,
        11.097700;33.150002;142.111496;,
         2.493900;45.031200;139.003204;,
         2.493900;21.080500;146.576599;,
         2.493900; 0.013900;126.588203;,
        22.284599;21.135201;126.114700;,
        22.284599;21.135201;126.114700;,
        11.097700;33.150002;142.111496;,
         2.493900;21.080500;146.576599;,
         2.493900;-30.703699;144.497803;,
        11.163300;-38.063599;133.421906;,
         2.493900;-29.203699;133.264008;,
         2.493900;161.931503;78.825302;,
        10.209300;153.312805;80.027603;,
        22.702499;163.328293;67.435997;,
         2.493900;165.325302;86.196503;,
        10.209300;153.312805;80.027603;,
         2.493900;161.931503;78.825302;,
        25.703400;56.996399;17.436199;,
         2.493900;56.014500;11.014200;,
         2.493900;83.290703;23.361700;,
         2.493900;83.290703;23.361700;,
        23.683201;83.041603;27.764200;,
        25.703400;56.996399;17.436199;,
        20.649799;264.389893;28.939199;,
        18.406300;261.200714;18.352699;,
        10.151900;302.333710;23.158701;,
         2.493900;312.560486;28.698400;,
        10.151900;302.333710;23.158701;,
         2.493900;325.810303;16.622700;,
        10.151900;302.333710;23.158701;,
         2.493900;310.616913;16.042101;,
         2.493900;325.810303;16.622700;,
         2.493900;-76.327499;34.525902;,
        29.750099;-79.761101;33.816799;,
        12.340400;-81.841202;51.108700;,
        12.340400;-81.841202;51.108700;,
         2.493900;-82.072197;50.651001;,
         2.493900;-76.327499;34.525902;,
        12.340400;-81.841202;51.108700;,
        29.750099;-79.761101;33.816799;,
        35.011398;-108.347099;42.979599;,
        35.011398;-108.347099;42.979599;,
        18.430599;-106.412498;59.707802;,
        12.340400;-81.841202;51.108700;,
        11.083200;-76.925499;95.662697;,
         7.814600;-81.211700;74.224297;,
        10.667500;-102.222000;83.288803;,
        10.667500;-102.222000;83.288803;,
        12.742400;-97.341904;106.343803;,
        11.083200;-76.925499;95.662697;,
         2.493900;-65.338600;113.538399;,
         2.493900;-78.394302;94.476997;,
        11.083200;-76.925499;95.662697;,
        11.083200;-76.925499;95.662697;,
        17.735300;-63.935699;113.379601;,
         2.493900;-65.338600;113.538399;,
        13.410400;-122.286003;122.383598;,
        38.736301;-115.274300;135.071701;,
        36.311699;-90.879303;118.347603;,
        36.311699;-90.879303;118.347603;,
        12.742400;-97.341904;106.343803;,
        13.410400;-122.286003;122.383598;,
        33.910801;-66.149002;110.960800;,
        55.585899;-70.654701;93.140297;,
        59.142700;-33.726898;98.621597;,
        59.142700;-33.726898;98.621597;,
        35.703400;-29.097000;119.913101;,
        33.910801;-66.149002;110.960800;,
        36.311699;-90.879303;118.347603;,
        59.956600;-93.502098;103.665398;,
        55.585899;-70.654701;93.140297;,
        55.585899;-70.654701;93.140297;,
        33.910801;-66.149002;110.960800;,
        36.311699;-90.879303;118.347603;,
        65.202904; 7.142300;99.612099;,
        39.526299;16.426600;121.792503;,
        35.703400;-29.097000;119.913101;,
        35.703400;-29.097000;119.913101;,
        59.142700;-33.726898;98.621597;,
        65.202904; 7.142300;99.612099;,
        73.489899;-50.413700;71.813698;,
        65.849998;-30.682899;61.781799;,
        66.793800;-24.393999;73.793701;,
        66.793800;-24.393999;73.793701;,
        71.629799;-49.822601;82.287697;,
        73.489899;-50.413700;71.813698;,
        55.585899;-70.654701;93.140297;,
        59.956600;-93.502098;103.665398;,
        63.287601;-98.618202;81.285301;,
        63.287601;-98.618202;81.285301;,
        60.306198;-74.341797;72.982300;,
        55.585899;-70.654701;93.140297;,
        60.306198;-74.341797;72.982300;,
        63.287601;-98.618202;81.285301;,
        54.968300;-104.082397;58.482800;,
        54.968300;-104.082397;58.482800;,
        52.434601;-79.537697;48.562401;,
        60.306198;-74.341797;72.982300;,
        65.926003;-148.902206;135.370804;,
        65.937103;-176.377106;142.959106;,
        66.392403;-180.239105;122.036598;,
        66.392403;-180.239105;122.036598;,
        68.701202;-154.353394;113.745399;,
        65.926003;-148.902206;135.370804;,
        38.736301;-115.274300;135.071701;,
        41.365299;-143.348907;153.009201;,
        65.926003;-148.902206;135.370804;,
        65.926003;-148.902206;135.370804;,
        64.266098;-119.381401;119.852303;,
        38.736301;-115.274300;135.071701;,
        20.599001;-176.377106;142.959106;,
        43.099300;-170.195999;163.128403;,
        41.365299;-143.348907;153.009201;,
        41.365299;-143.348907;153.009201;,
        15.450600;-150.104507;134.465897;,
        20.599001;-176.377106;142.959106;,
        60.149399;-179.803299;106.460701;,
        60.710098;-157.989105;96.369698;,
        68.701202;-154.353394;113.745399;,
        68.701202;-154.353394;113.745399;,
        66.392403;-180.239105;122.036598;,
        60.149399;-179.803299;106.460701;,
        52.434601;-79.537697;48.562401;,
        54.968300;-104.082397;58.482800;,
        35.011398;-108.347099;42.979599;,
        35.011398;-108.347099;42.979599;,
        29.750099;-79.761101;33.816799;,
        52.434601;-79.537697;48.562401;,
        60.710098;-157.989105;96.369698;,
        60.149399;-179.803299;106.460701;,
        43.268002;-182.066101;97.992104;,
        43.268002;-182.066101;97.992104;,
        41.551601;-160.608597;85.639000;,
        60.710098;-157.989105;96.369698;,
        23.806299;-159.973297;94.580498;,
        41.551601;-160.608597;85.639000;,
        43.268002;-182.066101;97.992104;,
        43.268002;-182.066101;97.992104;,
        26.386700;-179.803299;106.460701;,
        23.806299;-159.973297;94.580498;,
        14.179200;-155.445602;114.537903;,
        23.806299;-159.973297;94.580498;,
        26.386700;-179.803299;106.460701;,
        26.386700;-179.803299;106.460701;,
        20.143700;-180.239105;122.036598;,
        14.179200;-155.445602;114.537903;,
        11.737500;-128.537598;98.532898;,
        20.832100;-134.583496;73.711403;,
        23.806299;-159.973297;94.580498;,
        23.806299;-159.973297;94.580498;,
        14.179200;-155.445602;114.537903;,
        11.737500;-128.537598;98.532898;,
        20.143700;-180.239105;122.036598;,
        20.599001;-176.377106;142.959106;,
        15.450600;-150.104507;134.465897;,
        15.450600;-150.104507;134.465897;,
        14.179200;-155.445602;114.537903;,
        20.143700;-180.239105;122.036598;,
        64.447304;-22.745899;58.172699;,
        66.793800;-24.393999;73.793701;,
        65.849998;-30.682899;61.781799;,
        59.142700;-33.726898;98.621597;,
        66.793800;-24.393999;73.793701;,
        65.202904; 7.142300;99.612099;,
        67.101997;23.692200;55.683998;,
        72.723503;33.699799;70.480904;,
        76.719200; 1.492700;80.402199;,
        76.719200; 1.492700;80.402199;,
        76.295197;-0.765700;69.185898;,
        67.101997;23.692200;55.683998;,
        71.193100;17.063801;52.803101;,
        67.101997;23.692200;55.683998;,
        76.295197;-0.765700;69.185898;,
        76.295197;-0.765700;69.185898;,
        77.230202;-1.655900;62.126301;,
        71.193100;17.063801;52.803101;,
        36.538898;57.216702;116.461098;,
         2.493900;43.697899;128.121399;,
        22.284599;21.135201;126.114700;,
        22.284599;21.135201;126.114700;,
        39.526299;16.426600;121.792503;,
        36.538898;57.216702;116.461098;,
        72.723503;33.699799;70.480904;,
        57.285301;40.627899;62.900101;,
        66.949303;58.243698;70.960899;,
        66.949303;58.243698;70.960899;,
        67.347504;59.025799;77.784500;,
        72.723503;33.699799;70.480904;,
        49.546101;87.710197;85.331001;,
        32.524899;96.938698;103.862900;,
        36.538898;57.216702;116.461098;,
        36.538898;57.216702;116.461098;,
        60.208302;49.550999;97.275299;,
        49.546101;87.710197;85.331001;,
        60.208302;49.550999;97.275299;,
        67.347504;59.025799;77.784500;,
        49.546101;87.710197;85.331001;,
        58.784901;81.656898;68.875900;,
        44.232101;114.381401;52.496700;,
        40.558201;119.222801;66.058998;,
        40.558201;119.222801;66.058998;,
        49.546101;87.710197;85.331001;,
        58.784901;81.656898;68.875900;,
         2.493900;161.931503;78.825302;,
        22.702499;163.328293;67.435997;,
         2.493900;181.547806;70.148003;,
        42.449200;-32.111099;17.882299;,
        43.499802;-62.609299;20.750900;,
        25.141300;-61.993099;15.630900;,
        25.141300;-61.993099;15.630900;,
        22.549700;-30.222401; 8.743300;,
        42.449200;-32.111099;17.882299;,
        53.143101; 0.406100;30.559700;,
        56.782600;-17.851999;40.441799;,
        50.687000;-21.745300;40.114498;,
        50.687000;-21.745300;40.114498;,
        48.846001;-0.111700;25.987000;,
        53.143101; 0.406100;30.559700;,
        34.948799;-2.395800;13.032800;,
        22.549700;-30.222401; 8.743300;,
         2.493900;-2.456400;10.149800;,
        53.143101; 0.406100;30.559700;,
        48.846001;-0.111700;25.987000;,
        55.693001;21.986799;37.688900;,
        55.693001;21.986799;37.688900;,
        60.845001;18.266199;37.709999;,
        53.143101; 0.406100;30.559700;,
         2.493900;-2.456400;10.149800;,
         2.493900;25.434000; 4.515800;,
        31.251801;25.806101;12.078400;,
        31.251801;25.806101;12.078400;,
        34.948799;-2.395800;13.032800;,
         2.493900;-2.456400;10.149800;,
        67.101997;23.692200;55.683998;,
        71.193100;17.063801;52.803101;,
        60.845001;18.266199;37.709999;,
        60.845001;18.266199;37.709999;,
        55.693001;21.986799;37.688900;,
        67.101997;23.692200;55.683998;,
        45.797699;38.022999;40.090900;,
        31.251801;25.806101;12.078400;,
        25.703400;56.996399;17.436199;,
        25.703400;56.996399;17.436199;,
        40.026100;59.604900;27.658400;,
        45.797699;38.022999;40.090900;,
         2.493900;25.434000; 4.515800;,
         2.493900;56.014500;11.014200;,
        25.703400;56.996399;17.436199;,
        25.703400;56.996399;17.436199;,
        31.251801;25.806101;12.078400;,
         2.493900;25.434000; 4.515800;,
        40.026100;59.604900;27.658400;,
        25.703400;56.996399;17.436199;,
        23.683201;83.041603;27.764200;,
        23.683201;83.041603;27.764200;,
        46.480202;82.425201;40.250401;,
        40.026100;59.604900;27.658400;,
         2.493900;83.290703;23.361700;,
         2.493900;108.894402;18.345200;,
        23.683201;83.041603;27.764200;,
        19.725901;195.935196;49.669800;,
         2.493900;195.676407;59.060799;,
        11.367000;184.134796;64.738998;,
        19.725901;195.935196;49.669800;,
        22.702499;163.328293;67.435997;,
        37.115299;153.783203;45.507599;,
        37.115299;153.783203;45.507599;,
        29.068701;191.848801;30.834299;,
        19.725901;195.935196;49.669800;,
        30.271000;144.345901;19.294001;,
        23.608400;186.341003; 9.989800;,
        29.068701;191.848801;30.834299;,
        29.068701;191.848801;30.834299;,
        37.115299;153.783203;45.507599;,
        30.271000;144.345901;19.294001;,
        22.645399;228.725006;21.646900;,
        17.828800;234.924698;37.305199;,
        19.725901;195.935196;49.669800;,
        19.725901;195.935196;49.669800;,
        29.068701;191.848801;30.834299;,
        22.645399;228.725006;21.646900;,
        29.068701;191.848801;30.834299;,
        23.608400;186.341003; 9.989800;,
        13.580300;223.167099; 5.363000;,
        13.580300;223.167099; 5.363000;,
        22.645399;228.725006;21.646900;,
        29.068701;191.848801;30.834299;,
         2.493900;220.867004;57.133499;,
        17.828800;234.924698;37.305199;,
         2.493900;238.696106;44.652901;,
         2.493900;271.097107;43.238998;,
        10.151900;302.333710;23.158701;,
         2.493900;292.433594;31.749001;,
        17.828800;234.924698;37.305199;,
        22.645399;228.725006;21.646900;,
        18.406300;261.200714;18.352699;,
        18.406300;261.200714;18.352699;,
        20.649799;264.389893;28.939199;,
        17.828800;234.924698;37.305199;,
        13.580300;223.167099; 5.363000;,
         2.493900;258.607513; 3.566200;,
        18.406300;261.200714;18.352699;,
        18.406300;261.200714;18.352699;,
        22.645399;228.725006;21.646900;,
        13.580300;223.167099; 5.363000;,
        18.406300;261.200714;18.352699;,
         2.493900;258.607513; 3.566200;,
         2.493900;294.266815;12.922100;,
         2.493900;294.266815;12.922100;,
        10.151900;302.333710;23.158701;,
        18.406300;261.200714;18.352699;,
         2.493900;292.433594;31.749001;,
        10.151900;302.333710;23.158701;,
         2.493900;312.560486;28.698400;,
         2.493900;142.847504; 9.563600;,
         2.493900;184.846893; 3.877400;,
        23.608400;186.341003; 9.989800;,
        23.608400;186.341003; 9.989800;,
        30.271000;144.345901;19.294001;,
         2.493900;142.847504; 9.563600;,
        13.580300;223.167099; 5.363000;,
        23.608400;186.341003; 9.989800;,
         2.493900;184.846893; 3.877400;,
         2.493900;184.846893; 3.877400;,
         2.493900;221.825806; 2.901200;,
        13.580300;223.167099; 5.363000;,
        20.985300;128.608200;86.466301;,
        10.209300;153.312805;80.027603;,
         2.493900;149.348297;83.494202;,
        11.163300;-38.063599;133.421906;,
         2.493900;-30.703699;144.497803;,
         2.493900;-43.584499;133.897903;,
        11.163300;-38.063599;133.421906;,
        18.875601;-39.816601;123.144997;,
         2.493900;-24.967899;127.382004;,
         2.493900;-24.967899;127.382004;,
         2.493900;-29.203699;133.264008;,
        11.163300;-38.063599;133.421906;,
        11.097700;33.150002;142.111496;,
        22.284599;21.135201;126.114700;,
         2.493900;43.697899;128.121399;,
         2.493900;43.697899;128.121399;,
         2.493900;45.031200;139.003204;,
        11.097700;33.150002;142.111496;,
        11.097700;33.150002;142.111496;,
         2.493900;57.899300;156.124893;,
         2.493900;21.080500;146.576599;,
         2.493900;86.634003;125.953697;,
         2.493900;88.829399;132.082901;,
        11.629500;79.469200;127.656998;,
        11.629500;79.469200;127.656998;,
         2.493900;88.829399;132.082901;,
         2.493900;71.382004;130.261902;,
         8.247500;114.653397;108.154602;,
        13.413500;106.288300;104.852898;,
         2.493900;115.849701;100.070900;,
         2.493900;115.849701;100.070900;,
         2.493900;119.072998;104.242599;,
         8.247500;114.653397;108.154602;,
         8.247500;114.653397;108.154602;,
         2.493900;129.143600;109.067902;,
         2.493900;113.354301;113.153397;,
        20.985300;128.608200;86.466301;,
        22.702499;163.328293;67.435997;,
        10.209300;153.312805;80.027603;,
        18.430599;-106.412498;59.707802;,
        10.667500;-102.222000;83.288803;,
         7.814600;-81.211700;74.224297;,
         7.814600;-81.211700;74.224297;,
        12.340400;-81.841202;51.108700;,
        18.430599;-106.412498;59.707802;,
        65.306801;-76.882797; 0.224000;,
        73.235703;-66.495399; 0.150700;,
        80.027901;-82.671898; 0.186700;,
        96.303703;-92.987396; 0.170600;,
        87.234001;-101.099098; 2.799700;,
        80.027901;-82.671898; 0.186700;,
        64.488998;-94.022102; 0.430500;,
        80.027901;-82.671898; 0.186700;,
        75.032204;-102.341599; 2.548200;,
        58.801899;-48.036598;29.452101;,
        48.915699;-43.788898;30.404400;,
        54.886200;-31.178101;40.916599;,
        54.886200;-31.178101;40.916599;,
        63.930401;-32.086601;38.613201;,
