xof 0303txt 0032

template AnimTicksPerSecond {
  <9E415A43-7BA6-4a73-8743-B73D47E88476>
  DWORD AnimTicksPerSecond;
}

template XSkinMeshHeader {
  <3cf169ce-ff7c-44ab-93c0-f78f62d172e2>
  WORD nMaxSkinWeightsPerVertex;
  WORD nMaxSkinWeightsPerFace;
  WORD nBones;
}

template SkinWeights {
  <6f0d123b-bad2-4167-a0d0-80224f25fabb>
  STRING transformNodeName;
  DWORD nWeights;
  array DWORD vertexIndices[nWeights];
  array float weights[nWeights];
  Matrix4x4 matrixOffset;
}

Frame Root {
  FrameTransformMatrix {
     1.000000, 0.000000, 0.000000, 0.000000,
     0.000000,-0.000000, 1.000000, 0.000000,
     0.000000, 1.000000, 0.000000, 0.000000,
     0.000000, 0.000000, 0.000000, 1.000000;;
  }
  Frame Bip001 {
    FrameTransformMatrix {
      -0.003173,-0.009483, 0.000000, 0.000000,
       0.009483,-0.003173, 0.000000, 0.000000,
       0.000000, 0.000000, 0.010000, 0.000000,
       0.089592, 0.101570, 0.612571, 1.000000;;
    }
    Frame Bip001_Bip001_Pelvis {
      FrameTransformMatrix {
        -0.000000,-0.000000, 1.000000, 0.000000,
         0.948323, 0.317306,-0.000000, 0.000000,
        -0.317306, 0.948323, 0.000000, 0.000000,
        12.474897,-5.273397,13.317749, 1.000000;;
      }
      Frame Bip001_Bip001_Spine {
        FrameTransformMatrix {
           0.999473,-0.032465, 0.000001, 0.000000,
           0.032465, 0.999473,-0.000004, 0.000000,
          -0.000001, 0.000004, 1.000000, 0.000000,
          13.501572, 7.863229,-0.000003, 1.000000;;
        }
        Frame Bip001_Bip001_L_Thigh {
          FrameTransformMatrix {
            -0.992659, 0.077492, 0.092866, 0.000000,
             0.076952, 0.996991,-0.009390, 0.000000,
            -0.093314,-0.002175,-0.995634, 0.000000,
            -13.239145,-8.297466,22.807188, 1.000000;;
          }
          Frame Bip001_Bip001_L_Calf {
            FrameTransformMatrix {
               0.923663,-0.383205, 0.000000, 0.000000,
               0.383205, 0.923663, 0.000000, 0.000000,
              -0.000000,-0.000000, 1.000000, 0.000000,
              33.615097, 0.000008, 0.000001, 1.000000;;
            }
            Frame Bip001_Bip001_L_Foot {
              FrameTransformMatrix {
                 0.955951, 0.278291, 0.093334, 0.000000,
                -0.279588, 0.960119, 0.000853, 0.000000,
                -0.089374,-0.026910, 0.995635, 0.000000,
                22.228069, 0.000004,-0.000004, 1.000000;;
              }
              Frame Bip001_Bip001_L_Toe0 {
                FrameTransformMatrix {
                   0.000000, 1.000000, 0.000001, 0.000000,
                  -1.000000, 0.000000,-0.000000, 0.000000,
                  -0.000000,-0.000001, 1.000000, 0.000000,
                  19.779890,15.704826, 0.000000, 1.000000;;
                }
              } // End of Bip001_Bip001_L_Toe0
            } // End of Bip001_Bip001_L_Foot
          } // End of Bip001_Bip001_L_Calf
        } // End of Bip001_Bip001_L_Thigh
        Frame Bip001_Bip001_R_Thigh {
          FrameTransformMatrix {
            -0.992659, 0.077492,-0.092862, 0.000000,
             0.076951, 0.996991, 0.009395, 0.000000,
             0.093311, 0.002180,-0.995635, 0.000000,
            -13.239209,-8.297346,-22.807199, 1.000000;;
          }
          Frame Bip001_Bip001_R_Calf {
            FrameTransformMatrix {
               0.923663,-0.383205, 0.000000, 0.000000,
               0.383205, 0.923663,-0.000000, 0.000000,
              -0.000000, 0.000000, 1.000000, 0.000000,
              33.615108,-0.000006, 0.000007, 1.000000;;
            }
            Frame Bip001_Bip001_R_Foot {
              FrameTransformMatrix {
                 0.955951, 0.278291,-0.093334, 0.000000,
                -0.279588, 0.960120,-0.000852, 0.000000,
                 0.089375, 0.026910, 0.995634, 0.000000,
                22.228065,-0.000004,-0.000006, 1.000000;;
              }
              Frame Bip001_Bip001_R_Toe0 {
                FrameTransformMatrix {
                   0.000000, 1.000000, 0.000001, 0.000000,
                  -1.000000, 0.000000, 0.000000, 0.000000,
                   0.000000,-0.000001, 1.000000, 0.000000,
                  19.779875,15.704836,-0.000000, 1.000000;;
                }
              } // End of Bip001_Bip001_R_Toe0
            } // End of Bip001_Bip001_R_Foot
          } // End of Bip001_Bip001_R_Calf
        } // End of Bip001_Bip001_R_Thigh
        Frame Bip001_Bip001_Spine1 {
          FrameTransformMatrix {
             0.999447,-0.033261,-0.000002, 0.000000,
             0.033261, 0.999447,-0.000000, 0.000000,
             0.000002, 0.000000, 1.000000, 0.000000,
             9.978832,-0.017931,-0.000032, 1.000000;;
          }
          Frame Bip001_Bip001_Spine2 {
            FrameTransformMatrix {
               0.999447,-0.033261, 0.000000, 0.000000,
               0.033261, 0.999447, 0.000000, 0.000000,
              -0.000000,-0.000000, 1.000000, 0.000000,
              22.523352,-0.021036,-0.000000, 1.000000;;
            }
            Frame Bip001_Bip001_Neck {
              FrameTransformMatrix {
                 0.807629, 0.589691, 0.000002, 0.000000,
                -0.589691, 0.807629,-0.000001, 0.000000,
                -0.000002,-0.000001, 1.000000, 0.000000,
                37.633759,-3.283340, 0.000062, 1.000000;;
              }
              Frame Bip001_Bip001_Head {
                FrameTransformMatrix {
                   0.880103,-0.474783,-0.000001, 0.000000,
                   0.474783, 0.880103,-0.000000, 0.000000,
                   0.000001,-0.000000, 1.000000, 0.000000,
                   6.822659, 0.000002, 0.000003, 1.000000;;
                }
                Frame Bip001_Bip001_Eye_L {
                  FrameTransformMatrix {
                     0.036946, 0.999317, 0.000001, 0.000000,
                    -0.999317, 0.036946,-0.000004, 0.000000,
                    -0.000004,-0.000001, 1.000000, 0.000000,
                    22.956434,11.207291, 9.667839, 1.000000;;
                  }
                } // End of Bip001_Bip001_Eye_L
                Frame Bip001_Bip001_Eye_R {
                  FrameTransformMatrix {
                     0.036946, 0.999317, 0.000002, 0.000000,
                    -0.999317, 0.036946,-0.000001, 0.000000,
                    -0.000001,-0.000001, 1.000000, 0.000000,
                    22.956438,11.207347,-9.667788, 1.000000;;
                  }
                } // End of Bip001_Bip001_Eye_R
                Frame Bip001_Bip001_Eyelid_L {
                  FrameTransformMatrix {
                     0.537957, 0.842972, 0.000002, 0.000000,
                    -0.842972, 0.537957,-0.000003, 0.000000,
                    -0.000004,-0.000000, 1.000000, 0.000000,
                    21.648567,10.063612, 9.909492, 1.000000;;
                  }
                } // End of Bip001_Bip001_Eyelid_L
                Frame Bip001_Bip001_Eyelid_R {
                  FrameTransformMatrix {
                     0.537956, 0.842973, 0.000002, 0.000000,
                    -0.842973, 0.537956, 0.000001, 0.000000,
                    -0.000000,-0.000002, 1.000000, 0.000000,
                    21.648571,10.063664,-9.909447, 1.000000;;
                  }
                } // End of Bip001_Bip001_Eyelid_R
                Frame Bip001_Bip001_ForeHaed {
                  FrameTransformMatrix {
                     0.036946, 0.999317, 0.000001, 0.000000,
                    -0.999317, 0.036946,-0.000003, 0.000000,
                    -0.000003,-0.000001, 1.000000, 0.000000,
                    24.962729, 7.496705, 0.000006, 1.000000;;
                  }
                } // End of Bip001_Bip001_ForeHaed
                Frame Bip001_Bip001_Jaw {
                  FrameTransformMatrix {
                    -0.300225, 0.953868, 0.000003, 0.000000,
                    -0.953868,-0.300225,-0.000003, 0.000000,
                    -0.000002,-0.000004, 1.000000, 0.000000,
                     0.913079, 0.826352, 0.000004, 1.000000;;
                  }
                } // End of Bip001_Bip001_Jaw
              } // End of Bip001_Bip001_Head
              Frame Bip001_Bip001_L_Clavicle {
                FrameTransformMatrix {
                  -0.191445,-0.194017, 0.962136, 0.000000,
                  -0.568437,-0.777219,-0.269835, 0.000000,
                   0.800143,-0.598572, 0.038509, 0.000000,
                  -7.106932, 9.254532,13.087483, 1.000000;;
                }
                Frame Bip001_Bip001_Ammo_L {
                  FrameTransformMatrix {
                     0.448240,-0.224378, 0.865293, 0.000000,
                    -0.274801,-0.955699,-0.105469, 0.000000,
                     0.850626,-0.190508,-0.490043, 0.000000,
                    18.559221, 0.496664, 3.818539, 1.000000;;
                  }
                } // End of Bip001_Bip001_Ammo_L
                Frame Bip001_Bip001_L_UpperArm {
                  FrameTransformMatrix {
                     0.859996,-0.124002,-0.495006, 0.000000,
                     0.256315, 0.943751, 0.208892, 0.000000,
                     0.441260,-0.306524, 0.843406, 0.000000,
                    18.935873, 0.000009,-0.000019, 1.000000;;
                  }
                  Frame Bip001_Bip001_L_Forearm {
                    FrameTransformMatrix {
                       0.996883,-0.078891,-0.000000, 0.000000,
                       0.078891, 0.996883, 0.000000, 0.000000,
                       0.000000,-0.000000, 1.000000, 0.000000,
                      44.164158,-0.000041, 0.000046, 1.000000;;
                    }
                    Frame Bip001_Bip001_L_Hand {
                      FrameTransformMatrix {
                         0.998746,-0.046805, 0.017787, 0.000000,
                         0.017804,-0.000038,-0.999841, 0.000000,
                         0.046798, 0.998904, 0.000796, 0.000000,
                        30.331175,-0.000056,-0.000015, 1.000000;;
                      }
                      Frame Bip001_Bip001_L_Finger0 {
                        FrameTransformMatrix {
                           0.457547, 0.763804,-0.455251, 0.000000,
                           0.699889, 0.006439, 0.714223, 0.000000,
                           0.548458,-0.645416,-0.531632, 0.000000,
                           9.729653, 4.705886,-13.930585, 1.000000;;
                        }
                        Frame Bip001_Bip001_L_Finger01 {
                          FrameTransformMatrix {
                             0.309503, 0.950898,-0.000001, 0.000000,
                            -0.950898, 0.309503,-0.000001, 0.000000,
                            -0.000000, 0.000001, 1.000000, 0.000000,
                            17.038633, 0.000016, 0.000012, 1.000000;;
                          }
                        } // End of Bip001_Bip001_L_Finger01
                      } // End of Bip001_Bip001_L_Finger0
                      Frame Bip001_Bip001_L_Finger1 {
                        FrameTransformMatrix {
                           0.539015, 0.842296,-0.000670, 0.000000,
                          -0.842296, 0.539015,-0.000428, 0.000000,
                           0.000001, 0.000795, 1.000000, 0.000000,
                          27.613396,-3.459841, 0.225277, 1.000000;;
                        }
                        Frame Bip001_Bip001_L_Finger11 {
                          FrameTransformMatrix {
                             0.505444, 0.862859,-0.000002, 0.000000,
                            -0.862859, 0.505444, 0.000000, 0.000000,
                             0.000001, 0.000001, 1.000000, 0.000000,
                            13.198523,-0.000032,-0.000010, 1.000000;;
                          }
                        } // End of Bip001_Bip001_L_Finger11
                      } // End of Bip001_Bip001_L_Finger1
                    } // End of Bip001_Bip001_L_Hand
                  } // End of Bip001_Bip001_L_Forearm
                } // End of Bip001_Bip001_L_UpperArm
              } // End of Bip001_Bip001_L_Clavicle
              Frame Bip001_Bip001_R_Clavicle {
                FrameTransformMatrix {
                  -0.191445,-0.194012,-0.962137, 0.000000,
                  -0.568436,-0.777220, 0.269831, 0.000000,
                  -0.800143, 0.598572, 0.038512, 0.000000,
                  -7.106933, 9.254602,-13.087574, 1.000000;;
                }
                Frame Bip001_Bip001_Ammo_R {
                  FrameTransformMatrix {
                     0.448241,-0.224379,-0.865294, 0.000000,
                    -0.274797,-0.955700, 0.105471, 0.000000,
                    -0.850627, 0.190503,-0.490043, 0.000000,
                    18.559229, 0.496655,-3.818551, 1.000000;;
                  }
                } // End of Bip001_Bip001_Ammo_R
                Frame Bip001_Bip001_R_UpperArm {
                  FrameTransformMatrix {
                     0.859996,-0.124002, 0.495006, 0.000000,
                     0.256315, 0.943751,-0.208892, 0.000000,
                    -0.441260, 0.306524, 0.843406, 0.000000,
                    18.935879, 0.000001, 0.000015, 1.000000;;
                  }
                  Frame Bip001_Bip001_R_Forearm {
                    FrameTransformMatrix {
                       0.996883,-0.078894, 0.000001, 0.000000,
                       0.078894, 0.996883, 0.000000, 0.000000,
                      -0.000001, 0.000000, 1.000000, 0.000000,
                      44.164051,-0.000004, 0.000006, 1.000000;;
                    }
                    Frame Bip001_Bip001_R_Hand {
                      FrameTransformMatrix {
                         0.998746,-0.046802,-0.017787, 0.000000,
                         0.017804,-0.000037, 0.999841, 0.000000,
                        -0.046795,-0.998904, 0.000796, 0.000000,
                        30.331251, 0.000018, 0.000029, 1.000000;;
                      }
                      Frame Bip001_Bip001_R_Finger0 {
                        FrameTransformMatrix {
                           0.457547, 0.763805, 0.455250, 0.000000,
                           0.699888, 0.006438,-0.714223, 0.000000,
                          -0.548458, 0.645415,-0.531632, 0.000000,
                           9.729683, 4.705820,13.930590, 1.000000;;
                        }
                        Frame Bip001_Bip001_R_Finger01 {
                          FrameTransformMatrix {
                             0.309504, 0.950898,-0.000000, 0.000000,
                            -0.950898, 0.309504, 0.000001, 0.000000,
                             0.000001,-0.000000, 1.000000, 0.000000,
                            17.038652,-0.000007,-0.000020, 1.000000;;
                          }
                        } // End of Bip001_Bip001_R_Finger01
                      } // End of Bip001_Bip001_R_Finger0
                      Frame Bip001_Bip001_R_Finger1 {
                        FrameTransformMatrix {
                           0.539015, 0.842296, 0.000671, 0.000000,
                          -0.842296, 0.539015, 0.000428, 0.000000,
                          -0.000001,-0.000796, 1.000000, 0.000000,
                          27.613432,-3.459914,-0.225281, 1.000000;;
                        }
                        Frame Bip001_Bip001_R_Finger11 {
                          FrameTransformMatrix {
                             0.505444, 0.862859, 0.000001, 0.000000,
                            -0.862859, 0.505444, 0.000001, 0.000000,
                             0.000000,-0.000001, 1.000000, 0.000000,
                            13.198521,-0.000014, 0.000001, 1.000000;;
                          }
                        } // End of Bip001_Bip001_R_Finger11
                      } // End of Bip001_Bip001_R_Finger1
                    } // End of Bip001_Bip001_R_Hand
                  } // End of Bip001_Bip001_R_Forearm
                } // End of Bip001_Bip001_R_UpperArm
              } // End of Bip001_Bip001_R_Clavicle
            } // End of Bip001_Bip001_Neck
          } // End of Bip001_Bip001_Spine2
        } // End of Bip001_Bip001_Spine1
      } // End of Bip001_Bip001_Spine
    } // End of Bip001_Bip001_Pelvis
    Frame Bip001_Footsteps {
      FrameTransformMatrix {
        -0.317304, 0.948324, 0.000000, 0.000000,
        -0.948324,-0.317304,-0.000000, 0.000000,
         0.000000, 0.000000, 1.000000, 0.000000,
        -0.000001,-0.000000,-61.257065, 1.000000;;
      }
    } // End of Bip001_Footsteps
    Frame mon_orcWrrior {
      FrameTransformMatrix {
        -0.317304, 0.948324, 0.000000, 0.000000,
        -0.948324,-0.317304, 0.000000, 0.000000,
         0.000000, 0.000000, 1.000000, 0.000000,
        12.474895,-5.273399,-61.257069, 1.000000;;
      }
      Mesh { // mon_orcWrrior mesh
        5261;
        11.670255;-15.273865;165.313248;,
         9.088793;-13.356723;166.061371;,
         9.233427;-14.521392;169.961197;,
        11.107753;-16.196390;169.477829;,
         9.088793;-13.356723;166.061371;,
         7.428345;-15.460615;165.849487;,
         7.423237;-16.337946;169.762909;,
         9.233427;-14.521392;169.961197;,
         7.428345;-15.460615;165.849487;,
         9.569005;-17.502844;165.345322;,
         9.297585;-18.012974;169.279526;,
         7.423237;-16.337946;169.762909;,
         9.569005;-17.502844;165.345322;,
        11.670255;-15.273865;165.313248;,
        11.107753;-16.196390;169.477829;,
         9.297585;-18.012974;169.279526;,
        11.107753;-16.196390;169.477829;,
         9.233427;-14.521392;169.961197;,
         8.765957;-17.119629;173.275833;,
         9.233427;-14.521392;169.961197;,
         7.423237;-16.337946;169.762909;,
         8.765957;-17.119629;173.275833;,
         7.423237;-16.337946;169.762909;,
         9.297585;-18.012974;169.279526;,
         8.765957;-17.119629;173.275833;,
         9.297585;-18.012974;169.279526;,
        11.107753;-16.196390;169.477829;,
         8.765957;-17.119629;173.275833;,
         4.441161;-22.552374;163.800461;,
         1.934726;-20.635233;164.770721;,
         2.418694;-21.799896;168.643127;,
         4.243772;-23.474903;167.998245;,
         1.934726;-20.635233;164.770721;,
         0.262128;-22.739128;164.704391;,
         0.598112;-23.616457;168.603333;,
         2.418694;-21.799896;168.643127;,
         0.262128;-22.739128;164.704391;,
         2.350694;-24.781345;164.015564;,
         2.423198;-25.291477;167.958450;,
         0.598112;-23.616457;168.603333;,
         2.350694;-24.781345;164.015564;,
         4.441161;-22.552374;163.800461;,
         4.243772;-23.474903;167.998245;,
         2.423198;-25.291477;167.958450;,
         4.243772;-23.474903;167.998245;,
         2.418694;-21.799896;168.643127;,
         2.241887;-24.398132;171.985870;,
         2.418694;-21.799896;168.643127;,
         0.598112;-23.616457;168.603333;,
         2.241887;-24.398132;171.985870;,
         0.598112;-23.616457;168.603333;,
         2.423198;-25.291477;167.958450;,
         2.241887;-24.398132;171.985870;,
         2.423198;-25.291477;167.958450;,
         4.243772;-23.474903;167.998245;,
         2.241887;-24.398132;171.985870;,
         9.664923;-17.487534;186.058807;,
         9.664923;-16.553465;188.071442;,
         8.290268;-16.553465;187.433472;,
         9.664923;-17.487534;186.058807;,
         8.290268;-16.553465;187.433472;,
         7.652288;-16.553465;186.058807;,
         9.664923;-17.487534;186.058807;,
         7.652288;-16.553465;186.058807;,
         8.290268;-16.553465;184.684143;,
         9.664923;-17.487534;186.058807;,
         8.290268;-16.553465;184.684143;,
         9.664922;-16.553465;184.046173;,
         9.664923;-17.487534;186.058807;,
         9.664922;-16.553465;184.046173;,
        11.039577;-16.553465;184.684143;,
         9.664923;-17.487534;186.058807;,
        11.039577;-16.553465;184.684143;,
        11.677557;-16.553465;186.058807;,
         9.664923;-17.487534;186.058807;,
        11.677557;-16.553465;186.058807;,
        11.039579;-16.553465;187.433472;,
         9.664923;-17.487534;186.058807;,
        11.039579;-16.553465;187.433472;,
         9.664923;-16.553465;188.071442;,
         9.664923;-16.553465;188.071442;,
         9.664923;-14.540830;189.005508;,
         7.652288;-14.540830;188.071457;,
         8.290268;-16.553465;187.433472;,
         8.290268;-16.553465;187.433472;,
         7.652288;-14.540830;188.071457;,
         6.718222;-14.540830;186.058807;,
         7.652288;-16.553465;186.058807;,
         7.652288;-16.553465;186.058807;,
         6.718222;-14.540830;186.058807;,
         7.652287;-14.540830;184.046173;,
         8.290268;-16.553465;184.684143;,
         8.290268;-16.553465;184.684143;,
         7.652287;-14.540830;184.046173;,
         9.664922;-14.540830;183.112122;,
         9.664922;-16.553465;184.046173;,
         9.664922;-16.553465;184.046173;,
         9.664922;-14.540830;183.112122;,
        11.677556;-14.540830;184.046173;,
        11.039577;-16.553465;184.684143;,
        11.039577;-16.553465;184.684143;,
        11.677556;-14.540830;184.046173;,
        12.611624;-14.540830;186.058807;,
        11.677557;-16.553465;186.058807;,
        11.677557;-16.553465;186.058807;,
        12.611624;-14.540830;186.058807;,
        11.677559;-14.540830;188.071457;,
        11.039579;-16.553465;187.433472;,
        11.039579;-16.553465;187.433472;,
        11.677559;-14.540830;188.071457;,
         9.664923;-14.540830;189.005508;,
         9.664923;-16.553465;188.071442;,
        -11.670255;-15.273865;165.313248;,
        -11.107753;-16.196390;169.477829;,
        -9.233427;-14.521392;169.961197;,
        -9.088793;-13.356723;166.061371;,
        -9.088793;-13.356723;166.061371;,
        -9.233427;-14.521392;169.961197;,
        -7.423237;-16.337946;169.762909;,
        -7.428345;-15.460615;165.849487;,
        -7.428345;-15.460615;165.849487;,
        -7.423237;-16.337946;169.762909;,
        -9.297585;-18.012974;169.279526;,
        -9.569005;-17.502844;165.345322;,
        -9.569005;-17.502844;165.345322;,
        -9.297585;-18.012974;169.279526;,
        -11.107753;-16.196390;169.477829;,
        -11.670255;-15.273865;165.313248;,
        -11.107753;-16.196390;169.477829;,
        -8.765957;-17.119629;173.275833;,
        -9.233427;-14.521392;169.961197;,
        -9.233427;-14.521392;169.961197;,
        -8.765957;-17.119629;173.275833;,
        -7.423237;-16.337946;169.762909;,
        -7.423237;-16.337946;169.762909;,
        -8.765957;-17.119629;173.275833;,
        -9.297585;-18.012974;169.279526;,
        -9.297585;-18.012974;169.279526;,
        -8.765957;-17.119629;173.275833;,
        -11.107753;-16.196390;169.477829;,
        -4.441161;-22.552374;163.800461;,
        -4.243772;-23.474903;167.998245;,
        -2.418694;-21.799896;168.643127;,
        -1.934726;-20.635233;164.770721;,
        -1.934726;-20.635233;164.770721;,
        -2.418694;-21.799896;168.643127;,
        -0.598112;-23.616457;168.603333;,
        -0.262128;-22.739128;164.704391;,
        -0.262128;-22.739128;164.704391;,
        -0.598112;-23.616457;168.603333;,
        -2.423198;-25.291477;167.958450;,
        -2.350694;-24.781345;164.015564;,
        -2.350694;-24.781345;164.015564;,
        -2.423198;-25.291477;167.958450;,
        -4.243772;-23.474903;167.998245;,
        -4.441161;-22.552374;163.800461;,
        -4.243772;-23.474903;167.998245;,
        -2.241887;-24.398132;171.985870;,
        -2.418694;-21.799896;168.643127;,
        -2.418694;-21.799896;168.643127;,
        -2.241887;-24.398132;171.985870;,
        -0.598112;-23.616457;168.603333;,
        -0.598112;-23.616457;168.603333;,
        -2.241887;-24.398132;171.985870;,
        -2.423198;-25.291477;167.958450;,
        -2.423198;-25.291477;167.958450;,
        -2.241887;-24.398132;171.985870;,
        -4.243772;-23.474903;167.998245;,
        -9.664923;-17.487534;186.058807;,
        -8.290268;-16.553465;187.433472;,
        -9.664923;-16.553465;188.071442;,
        -9.664923;-17.487534;186.058807;,
        -7.652288;-16.553465;186.058807;,
        -8.290268;-16.553465;187.433472;,
        -9.664923;-17.487534;186.058807;,
        -8.290268;-16.553465;184.684143;,
        -7.652288;-16.553465;186.058807;,
        -9.664923;-17.487534;186.058807;,
        -9.664922;-16.553465;184.046173;,
        -8.290268;-16.553465;184.684143;,
        -9.664923;-17.487534;186.058807;,
        -11.039577;-16.553465;184.684143;,
        -9.664922;-16.553465;184.046173;,
        -9.664923;-17.487534;186.058807;,
        -11.677557;-16.553465;186.058807;,
        -11.039577;-16.553465;184.684143;,
        -9.664923;-17.487534;186.058807;,
        -11.039579;-16.553465;187.433472;,
        -11.677557;-16.553465;186.058807;,
        -9.664923;-17.487534;186.058807;,
        -9.664923;-16.553465;188.071442;,
        -11.039579;-16.553465;187.433472;,
        -9.664923;-16.553465;188.071442;,
        -8.290268;-16.553465;187.433472;,
        -7.652288;-14.540830;188.071457;,
        -9.664923;-14.540830;189.005508;,
        -8.290268;-16.553465;187.433472;,
        -7.652288;-16.553465;186.058807;,
        -6.718222;-14.540830;186.058807;,
        -7.652288;-14.540830;188.071457;,
        -7.652288;-16.553465;186.058807;,
        -8.290268;-16.553465;184.684143;,
        -7.652287;-14.540830;184.046173;,
        -6.718222;-14.540830;186.058807;,
        -8.290268;-16.553465;184.684143;,
        -9.664922;-16.553465;184.046173;,
        -9.664922;-14.540830;183.112122;,
        -7.652287;-14.540830;184.046173;,
        -9.664922;-16.553465;184.046173;,
        -11.039577;-16.553465;184.684143;,
        -11.677556;-14.540830;184.046173;,
        -9.664922;-14.540830;183.112122;,
        -11.039577;-16.553465;184.684143;,
        -11.677557;-16.553465;186.058807;,
        -12.611624;-14.540830;186.058807;,
        -11.677556;-14.540830;184.046173;,
        -11.677557;-16.553465;186.058807;,
        -11.039579;-16.553465;187.433472;,
        -11.677559;-14.540830;188.071457;,
        -12.611624;-14.540830;186.058807;,
        -11.039579;-16.553465;187.433472;,
        -9.664923;-16.553465;188.071442;,
        -9.664923;-14.540830;189.005508;,
        -11.677559;-14.540830;188.071457;,
        38.989285; 2.606977;83.218346;,
        39.380352; 0.442661;73.415642;,
        34.455673;13.103749;72.402992;,
        32.244019;15.615061;82.970596;,
        107.942352;11.206907;79.835831;,
        109.035309;11.055220;76.635574;,
        110.550789; 5.085411;73.981110;,
        109.866524; 4.781830;77.071297;,
        111.043312;-2.135255;75.391396;,
        111.998062;-1.832649;72.008804;,
        111.924232;-8.046079;72.186478;,
        111.142258;-7.957510;75.705269;,
         0.000000;-2.170263;202.056107;,
         0.000000;-12.420442;199.164810;,
         7.057861;-11.718957;198.186234;,
         6.562239;-2.116591;200.361511;,
        10.662823;-20.472397;178.873322;,
         5.127108;-25.697165;176.875214;,
         6.635453;-24.979458;175.825592;,
        10.873258;-20.379837;176.692856;,
         8.758888;13.574369;170.842453;,
         0.000000;16.260452;170.882843;,
         0.000000;22.162119;175.746948;,
        10.396587;18.969744;176.468353;,
        19.949387;-21.843119;122.849113;,
        21.003532;-22.240490;117.123886;,
        29.636066;-12.018533;119.719490;,
        27.690546;-12.389436;128.281769;,
        31.521347; 2.703315;158.364655;,
        30.670507;-6.827426;154.262451;,
        35.652393;-6.151407;153.173645;,
        36.636276; 2.240712;157.809952;,
        34.443199;17.500942;129.178711;,
        40.669628;15.543639;140.082809;,
        43.230099;14.617960;133.015152;,
        34.136772;18.926285;143.019943;,
        28.773991;20.946491;145.282303;,
        30.437603;13.105739;155.900009;,
        35.575687;12.303114;154.555679;,
        30.437603;13.105739;155.900009;,
        31.521347; 2.703315;158.364655;,
        36.636276; 2.240712;157.809952;,
        35.575687;12.303114;154.555679;,
        67.673409; 2.243250;134.778336;,
        65.613243;-5.007299;131.345673;,
        74.280678;-7.340714;130.236923;,
        76.898514; 2.243250;134.610779;,
        65.613243;-5.007299;131.345673;,
        68.543083;-9.578355;121.276939;,
        74.280678;-7.340714;130.236923;,
        57.213428;-6.535111;118.567841;,
        55.542198; 2.187854;115.810898;,
        60.685173; 2.187854;108.013283;,
        62.904934;-8.660199;112.055367;,
        55.542198; 2.187854;115.810898;,
        57.537731; 9.784785;119.020729;,
        62.483616;10.632180;111.886292;,
        60.685173; 2.187854;108.013283;,
        61.291313;13.763918;125.514389;,
        66.455956;10.954098;132.930771;,
        74.461082;11.313096;129.945435;,
        67.846176;14.618799;121.123062;,
        66.455956;10.954098;132.930771;,
        67.673409; 2.243250;134.778336;,
        76.898514; 2.243250;134.610779;,
        74.461082;11.313096;129.945435;,
        36.916939; 3.864810;102.754669;,
        32.728085; 9.823480;120.314056;,
        31.995377; 1.145696;120.656227;,
        21.967943;18.070679; 0.000000;,
        28.547169;22.006763; 0.000000;,
        35.681847;18.393951; 0.000000;,
        34.715443;12.049376;63.941601;,
        41.078262;-1.295082;59.918842;,
        38.569565;-2.216482;52.943840;,
        34.086697; 9.672364;52.410671;,
        17.701942;-15.312332;13.143470;,
        27.299429;-15.375427;17.214493;,
        27.067684;-10.713792;21.556841;,
        18.822735;-5.977891;20.924461;,
        16.809292;-24.353991;76.806824;,
         8.442794;-15.891929;65.369972;,
        23.371710;-20.341484;73.180435;,
        35.799740;19.273296; 8.650514;,
        28.241405;22.917452; 8.357951;,
        27.394135;17.850191;23.766554;,
        36.245098;14.324596;23.718445;,
        20.908957;18.981680; 7.814721;,
        18.668945; 2.626305; 7.503529;,
        15.394318; 3.362717;21.099497;,
        18.530491;13.588758;22.383022;,
         6.038374;-17.383629;185.474060;,
         5.831544;-21.605030;182.332001;,
         7.667943;-17.058119;184.275513;,
         0.000000;-23.535746;163.486984;,
         0.000000;-28.131271;170.234131;,
         4.202634;-27.904222;170.515747;,
         1.980028;-20.840635;186.840927;,
         0.000000;-21.930216;187.237320;,
         0.000000;-25.523087;185.583969;,
         3.804059;-24.691458;185.097427;,
         0.000000;-28.007685;179.867645;,
         0.000000;-25.643393;178.662094;,
         1.873103;-25.328520;178.724808;,
         2.176505;-27.717989;180.008362;,
        14.372720;-23.995506;167.121780;,
        10.419878;-28.451406;166.553772;,
        10.760221;-29.237391;164.887848;,
        15.293668;-24.238104;165.370316;,
         0.000000;-31.197020;168.474289;,
         0.000000;-30.526173;166.513855;,
         5.579774;-29.790230;166.181412;,
         4.840893;-30.691519;168.370789;,
         0.000000;-30.526173;166.513855;,
         0.000000;-33.170250;164.403748;,
         6.764163;-32.192692;163.737686;,
         5.579774;-29.790230;166.181412;,
         0.000000;-33.170250;164.403748;,
         0.000000;-33.642445;157.229935;,
         7.917225;-32.466660;157.347183;,
         6.764163;-32.192692;163.737686;,
         0.000000;-28.610563;125.451797;,
         8.973844;-28.245831;122.040894;,
        11.228225;-30.214987;126.762444;,
         0.000000;-29.366661;128.282578;,
         0.000000;-28.610563;125.451797;,
         0.000000;-31.779245;116.073746;,
         8.003440;-30.492811;115.851028;,
         8.973844;-28.245831;122.040894;,
         0.000000;16.260452;170.882843;,
         8.758888;13.574369;170.842453;,
        10.351951;19.786106;161.794159;,
         0.000000;20.685362;162.872131;,
        49.599476;-3.229393;142.979950;,
        57.221146;-4.237882;137.447464;,
        58.585312; 2.240712;140.007614;,
        50.718231; 2.240712;144.683517;,
        50.718231; 2.240712;144.683517;,
        58.585312; 2.240712;140.007614;,
        56.927811; 9.526870;138.391998;,
        49.528339; 8.312409;143.466446;,
        24.153700;-21.816908;63.322411;,
        23.371710;-20.341484;73.180435;,
         8.442794;-15.891929;65.369972;,
         6.469404;-1.987123;61.232029;,
         8.442794;-15.891929;65.369972;,
         0.000000;-15.007157;65.995987;,
         0.000000;-1.753572;61.118816;,
        36.778503;-3.180599;42.601471;,
        35.532707;-2.901741;47.302055;,
        30.818937;-14.418974;46.989964;,
        32.069221;-14.666327;41.312111;,
        32.069221;-14.666327;41.312111;,
        30.818937;-14.418974;46.989964;,
        24.851551;-18.096132;47.221699;,
        25.110489;-17.563536;40.249817;,
        25.110489;-17.563536;40.249817;,
        24.851551;-18.096132;47.221699;,
        17.600317;-15.723598;46.449383;,
        18.996611;-14.836226;39.855400;,
        15.454406;-4.254797;40.197323;,
        16.393620;-2.702297;38.237404;,
        19.593090;-10.418391;36.756050;,
        18.996611;-14.836226;39.855400;,
        23.447161;13.226089;51.524899;,
        24.390509;12.057606;46.788471;,
        17.567131; 7.098428;45.986111;,
        12.882397; 7.970900;51.293407;,
        38.569565;-2.216482;52.943840;,
        35.532707;-2.901741;47.302055;,
        31.047848; 8.274620;47.110226;,
        34.086697; 9.672364;52.410671;,
         9.438046;-3.265581;51.351307;,
        13.617754;-3.854349;45.913189;,
        17.600317;-15.723598;46.449383;,
        12.746386;-17.204985;52.046913;,
        38.569565;-2.216482;52.943840;,
        41.078262;-1.295082;59.918842;,
        35.415684;-15.531597;60.958279;,
        33.470306;-15.095558;53.482872;,
        33.470306;-15.095558;53.482872;,
        35.415684;-15.531597;60.958279;,
        24.153700;-21.816908;63.322411;,
        24.656643;-20.973110;53.525631;,
        24.656643;-20.973110;53.525631;,
        24.153700;-21.816908;63.322411;,
         8.442794;-15.891929;65.369972;,
        12.746386;-17.204985;52.046913;,
         5.452239;19.809868;63.868690;,
         0.000000;22.009024;82.485970;,
        12.831965;22.901262;82.861374;,
         6.469404;-1.987123;61.232029;,
         0.000000;-1.753572;61.118816;,
         0.000000; 5.812366;61.707031;,
         9.585675; 7.522232;60.051071;,
        16.829794;20.889050;64.061928;,
        12.831965;22.901262;82.861374;,
        32.244019;15.615061;82.970596;,
        34.455673;13.103749;72.402992;,
        57.221146;-4.237882;137.447464;,
        49.599476;-3.229393;142.979950;,
        43.845928;-10.128426;135.609940;,
        52.795734;-10.819897;129.919083;,
        33.135197;10.847779;127.453758;,
        48.041378; 8.865328;122.479660;,
        47.441990; 2.052595;120.925148;,
        32.183365; 2.052595;131.421066;,
        56.927811; 9.526870;138.391998;,
        51.322075;15.319736;129.580383;,
        43.230099;14.617960;133.015152;,
        49.528339; 8.312409;143.466446;,
        18.668945; 2.626305; 7.503529;,
        20.908957;18.981680; 7.814721;,
        21.967943;18.070679; 0.000000;,
        18.645321; 2.413510; 0.000000;,
        20.908957;18.981680; 7.814721;,
        28.241405;22.917452; 8.357951;,
        28.547169;22.006763; 0.000000;,
        21.967943;18.070679; 0.000000;,
        28.241405;22.917452; 8.357951;,
        35.799740;19.273296; 8.650514;,
        35.681847;18.393951; 0.000000;,
        28.547169;22.006763; 0.000000;,
        35.799740;19.273296; 8.650514;,
        37.936031; 3.621628; 8.206682;,
        37.778343; 3.265859; 0.000000;,
        35.681847;18.393951; 0.000000;,
        41.881565;-16.453127; 5.477778;,
        36.461086;-30.172407; 5.556440;,
        36.685101;-30.710920; 0.000005;,
        41.902840;-16.627068; 0.000000;,
        36.461086;-30.172407; 5.556440;,
        27.354271;-32.259026; 5.468917;,
        27.349623;-32.808018; 0.000009;,
        36.685101;-30.710920; 0.000005;,
        27.354271;-32.259026; 5.468917;,
        18.813484;-30.764866; 5.544006;,
        19.055605;-31.314241; 0.000000;,
        27.349623;-32.808018; 0.000009;,
        18.813484;-30.764866; 5.544006;,
        14.977595;-22.515137; 5.680734;,
        14.950839;-22.376438; 0.000000;,
        19.055605;-31.314241; 0.000000;,
        36.680531;-18.034355;11.792045;,
        34.703098;-26.833496;10.816069;,
        36.461086;-30.172407; 5.556440;,
        41.881565;-16.453127; 5.477778;,
        27.356962;-21.334492;14.133722;,
        18.361135;-21.670788;11.747073;,
        19.371061;-27.588266;10.494792;,
        27.355846;-29.235476;11.124567;,
        18.361135;-21.670788;11.747073;,
        14.977595;-22.515137; 5.680734;,
        18.813484;-30.764866; 5.544006;,
        19.371061;-27.588266;10.494792;,
        18.668945; 2.626305; 7.503529;,
        18.645321; 2.413510; 0.000000;,
        14.314010;-16.021927; 0.000000;,
        14.313861;-16.175238; 5.994615;,
        18.645321; 2.413510; 0.000000;,
        37.778343; 3.265859; 0.000000;,
        42.056416;-10.242803; 0.000000;,
        14.314010;-16.021927; 0.000000;,
        37.778343; 3.265859; 0.000000;,
        37.936031; 3.621628; 8.206682;,
        42.145233;-10.123390; 5.977191;,
        42.056416;-10.242803; 0.000000;,
        36.685101;-30.710920; 0.000005;,
        27.349623;-32.808018; 0.000009;,
        19.055605;-31.314241; 0.000000;,
        19.055605;-31.314241; 0.000000;,
        14.950839;-22.376438; 0.000000;,
        41.902840;-16.627068; 0.000000;,
        36.685101;-30.710920; 0.000005;,
        35.681847;18.393951; 0.000000;,
        37.778343; 3.265859; 0.000000;,
        18.645321; 2.413510; 0.000000;,
        21.967943;18.070679; 0.000000;,
        105.597572; 2.243250;110.247467;,
        102.538666;-9.461232;106.959587;,
        113.122208;-12.096245;101.834473;,
        113.965080; 1.412154;104.214157;,
        93.725166; 2.189870;93.128998;,
        104.710304; 2.680143;94.753593;,
        100.048180;-5.370349;85.564857;,
        90.069832;-6.267122;88.039215;,
        94.716270;14.227315;95.931023;,
        105.142212;17.335878;93.495026;,
        104.710304; 2.680143;94.753593;,
        93.725166; 2.189870;93.128998;,
        103.772263;-14.390066;77.509087;,
        107.933670;-15.399496;75.409416;,
        101.032562;-8.749440;73.821808;,
        101.004448;-11.703681;77.043686;,
        96.400177;-22.769413;86.828812;,
        92.106003;-17.954172;85.539886;,
        94.861130;-19.823950;72.317619;,
        98.567673;-23.919474;72.954674;,
        96.861816;-13.352415;84.286652;,
        102.608093;-17.365021;84.338295;,
        101.865860;-17.873714;80.266998;,
        98.280762;-14.485141;79.725082;,
        113.965080; 1.412154;104.214157;,
        113.122208;-12.096245;101.834473;,
        122.254471;-15.059874;94.566086;,
        126.201965; 0.799121;94.751984;,
        96.400177;-22.769413;86.828812;,
        101.504272;-22.459505;85.848656;,
        98.162567;-13.586470;100.885864;,
        114.669571;-16.803024;89.276039;,
        107.696602;-18.887781;89.329819;,
        104.650795;-9.769963;88.841393;,
        104.710304; 2.680143;94.753593;,
        105.142212;17.335878;93.495026;,
        112.444603;17.200228;90.997002;,
        112.819290; 2.341025;90.152534;,
        105.142212;17.335878;93.495026;,
        110.880722;17.465347;100.781914;,
        118.050438;17.658087;94.027435;,
        112.444603;17.200228;90.997002;,
        110.880722;17.465347;100.781914;,
        113.965080; 1.412154;104.214157;,
        126.201965; 0.799121;94.751984;,
        118.050438;17.658087;94.027435;,
        102.608093;-17.365021;84.338295;,
        101.504272;-22.459505;85.848656;,
        102.775223;-23.359428;77.352119;,
        101.865860;-17.873714;80.266998;,
        114.669571;-16.803024;89.276039;,
        122.254471;-15.059874;94.566086;,
        113.122208;-12.096245;101.834473;,
        108.781052;-15.935581;95.597343;,
        101.004448;-11.703681;77.043686;,
        101.032562;-8.749440;73.821808;,
        94.187653;-14.916714;75.611076;,
        98.280762;-14.485141;79.725082;,
        92.106003;-17.954172;85.539886;,
        96.400177;-22.769413;86.828812;,
