xof 0303txt 0032

template AnimTicksPerSecond {
  <9E415A43-7BA6-4a73-8743-B73D47E88476>
  DWORD AnimTicksPerSecond;
}

template XSkinMeshHeader {
  <3cf169ce-ff7c-44ab-93c0-f78f62d172e2>
  WORD nMaxSkinWeightsPerVertex;
  WORD nMaxSkinWeightsPerFace;
  WORD nBones;
}

template SkinWeights {
  <6f0d123b-bad2-4167-a0d0-80224f25fabb>
  STRING transformNodeName;
  DWORD nWeights;
  array DWORD vertexIndices[nWeights];
  array float weights[nWeights];
  Matrix4x4 matrixOffset;
}

Frame Root {
  FrameTransformMatrix {
     1.000000, 0.000000, 0.000000, 0.000000,
     0.000000,-0.000000, 1.000000, 0.000000,
     0.000000, 1.000000, 0.000000, 0.000000,
     0.000000, 0.000000, 0.000000, 1.000000;;
  }
  Frame Bip001 {
    FrameTransformMatrix {
       0.000001,-0.951421,-0.307893, 0.000000,
       1.000000, 0.000001, 0.000000, 0.000000,
       0.000000,-0.307893, 0.951421, 0.000000,
      -0.000005,23.127079,94.340500, 1.000000;;
    }
    Frame Bip001_Bip001_Pelvis {
      FrameTransformMatrix {
         0.896823,-0.000001, 0.442390, 0.000000,
         0.442390, 0.000001,-0.896823, 0.000000,
         0.000001, 1.000000, 0.000002, 0.000000,
         2.906357, 0.000000,-8.980965, 1.000000;;
      }
      Frame Bip001_Bip001_Spine {
        FrameTransformMatrix {
           0.999984,-0.005650, 0.000001, 0.000000,
           0.005650, 0.999984,-0.000004, 0.000000,
          -0.000001, 0.000004, 1.000000, 0.000000,
          21.069050,12.089026, 0.000007, 1.000000;;
        }
        Frame Bip001_Bip001_L_Thigh {
          FrameTransformMatrix {
             0.565271, 0.824481, 0.026449, 0.000000,
             0.823689,-0.565888, 0.036159, 0.000000,
             0.044780, 0.001346,-0.998996, 0.000000,
            -21.000431,-12.207979,33.191257, 1.000000;;
          }
          Frame Bip001_Bip001_L_Calf {
            FrameTransformMatrix {
               0.207589,-0.978216,-0.000000, 0.000000,
               0.978216, 0.207589,-0.000000, 0.000000,
               0.000000,-0.000000, 1.000000, 0.000000,
              51.141441,-0.000031,-0.000036, 1.000000;;
            }
            Frame Bip001_Bip001_L_Foot {
              FrameTransformMatrix {
                 0.819983, 0.572362,-0.005405, 0.000000,
                -0.571607, 0.819322, 0.044473, 0.000000,
                 0.029883,-0.033377, 0.998996, 0.000000,
                37.196289,-0.000017,-0.000046, 1.000000;;
              }
              Frame Bip001_Bip001_L_Toe0 {
                FrameTransformMatrix {
                   0.000000, 1.000000, 0.000002, 0.000000,
                  -1.000000, 0.000000,-0.000000, 0.000000,
                  -0.000000,-0.000002, 1.000000, 0.000000,
                  18.602716,29.118452, 0.000009, 1.000000;;
                }
                Frame Bip001_Bip001_L_Toe0Nub {
                  FrameTransformMatrix {
                    -1.000000,-0.000000,-0.000000, 0.000000,
                    -0.000000, 1.000000,-0.000000, 0.000000,
                     0.000000,-0.000000,-1.000000, 0.000000,
                    14.783025, 0.000005,-0.000011, 1.000000;;
                  }
                  Frame Bip001_Bip001_L_Toe0Nub_end {
                    FrameTransformMatrix {
                       1.000000,-0.000000,-0.000000, 0.000000,
                       0.000000, 1.000000,-0.000000, 0.000000,
                       0.000000, 0.000000, 1.000000, 0.000000,
                       0.000003,14.783010,-0.000000, 1.000000;;
                    }
                  } // End of Bip001_Bip001_L_Toe0Nub_end
                } // End of Bip001_Bip001_L_Toe0Nub
              } // End of Bip001_Bip001_L_Toe0
            } // End of Bip001_Bip001_L_Foot
          } // End of Bip001_Bip001_L_Calf
        } // End of Bip001_Bip001_L_Thigh
        Frame Bip001_Bip001_R_Thigh {
          FrameTransformMatrix {
             0.565271, 0.824482,-0.026444, 0.000000,
             0.823689,-0.565888,-0.036162, 0.000000,
            -0.044779,-0.001341,-0.998996, 0.000000,
            -21.000397,-12.207772,-33.191303, 1.000000;;
          }
          Frame Bip001_Bip001_R_Calf {
            FrameTransformMatrix {
               0.207588,-0.978216, 0.000000, 0.000000,
               0.978216, 0.207588, 0.000001, 0.000000,
              -0.000001, 0.000000, 1.000000, 0.000000,
              51.141338, 0.000034, 0.000030, 1.000000;;
            }
            Frame Bip001_Bip001_R_Foot {
              FrameTransformMatrix {
                 0.819983, 0.572362, 0.005405, 0.000000,
                -0.571607, 0.819321,-0.044473, 0.000000,
                -0.029883, 0.033378, 0.998996, 0.000000,
                37.196270, 0.000007,-0.000008, 1.000000;;
              }
              Frame Bip001_Bip001_R_Toe0 {
                FrameTransformMatrix {
                   0.000000, 1.000000, 0.000002, 0.000000,
                  -1.000000, 0.000000, 0.000000, 0.000000,
                   0.000000,-0.000002, 1.000000, 0.000000,
                  18.602701,29.118454,-0.000002, 1.000000;;
                }
                Frame Bip001_Bip001_R_Toe0Nub {
                  FrameTransformMatrix {
                     1.000000, 0.000000,-0.000000, 0.000000,
                    -0.000000, 1.000000,-0.000000, 0.000000,
                     0.000000, 0.000000, 1.000000, 0.000000,
                    14.783051, 0.000008, 0.000003, 1.000000;;
                  }
                  Frame Bip001_Bip001_R_Toe0Nub_end {
                    FrameTransformMatrix {
                       1.000000,-0.000000, 0.000000, 0.000000,
                       0.000000, 1.000000, 0.000000, 0.000000,
                      -0.000000,-0.000000, 1.000000, 0.000000,
                       0.000010,14.783012,-0.000003, 1.000000;;
                    }
                  } // End of Bip001_Bip001_R_Toe0Nub_end
                } // End of Bip001_Bip001_R_Toe0Nub
              } // End of Bip001_Bip001_R_Toe0
            } // End of Bip001_Bip001_R_Foot
          } // End of Bip001_Bip001_R_Calf
        } // End of Bip001_Bip001_R_Thigh
        Frame Bip001_Bip001_Spine1 {
          FrameTransformMatrix {
             0.666333,-0.745654,-0.000002, 0.000000,
             0.745654, 0.666333,-0.000001, 0.000000,
             0.000002,-0.000001, 1.000000, 0.000000,
            24.736712,-0.018841, 0.000004, 1.000000;;
          }
          Frame Bip001_Bip001_Neck {
            FrameTransformMatrix {
               0.979433, 0.201771, 0.000001, 0.000000,
              -0.201771, 0.979433,-0.000000, 0.000000,
              -0.000001, 0.000000, 1.000000, 0.000000,
              35.512535,-0.006399, 0.000017, 1.000000;;
            }
            Frame Bip001_Bip001_Head {
              FrameTransformMatrix {
                 0.993821,-0.110997,-0.000000, 0.000000,
                 0.110997, 0.993821, 0.000000, 0.000000,
                 0.000000,-0.000000, 1.000000, 0.000000,
                 8.363274, 5.139328, 0.000004, 1.000000;;
              }
              Frame Bip001_Bip001_HeadNub {
                FrameTransformMatrix {
                   1.000000,-0.000000,-0.000001, 0.000000,
                   0.000000, 1.000000, 0.000000, 0.000000,
                   0.000001,-0.000000, 1.000000, 0.000000,
                  51.648697, 0.000002, 0.000007, 1.000000;;
                }
                Frame Bip001_Bip001_HeadNub_end {
                  FrameTransformMatrix {
                     1.000000, 0.000000, 0.000000, 0.000000,
                    -0.000000, 1.000000,-0.000000, 0.000000,
                    -0.000000, 0.000000, 1.000000, 0.000000,
                     0.000000,35.545074,-0.000000, 1.000000;;
                  }
                } // End of Bip001_Bip001_HeadNub_end
              } // End of Bip001_Bip001_HeadNub
              Frame Bip001_Bone003 {
                FrameTransformMatrix {
                   0.222329,-0.065026,-0.972801, 0.000000,
                  -0.765241, 0.606623,-0.215441, 0.000000,
                   0.604133, 0.792325, 0.085109, 0.000000,
                  18.420942, 4.068026,-20.000084, 1.000000;;
                }
                Frame Bip001_Bone004 {
                  FrameTransformMatrix {
                     1.000000, 0.000000,-0.000000, 0.000000,
                    -0.000000, 1.000000, 0.000000, 0.000000,
                     0.000000,-0.000000, 1.000000, 0.000000,
                    32.491524, 0.000007, 0.000039, 1.000000;;
                  }
                  Frame Bip001_Bone004_end {
                    FrameTransformMatrix {
                       1.000000, 0.000000, 0.000000, 0.000000,
                      -0.000000, 1.000000,-0.000000, 0.000000,
                      -0.000000, 0.000000, 1.000000, 0.000000,
                       0.000006,32.491524, 0.000001, 1.000000;;
                    }
                  } // End of Bip001_Bone004_end
                } // End of Bip001_Bone004
              } // End of Bip001_Bone003
              Frame Bip001_Bone005 {
                FrameTransformMatrix {
                   0.222668,-0.065296, 0.972705, 0.000000,
                   0.765166,-0.606562,-0.215876, 0.000000,
                   0.604102, 0.792350,-0.085099, 0.000000,
                  18.420906, 4.067995,19.999933, 1.000000;;
                }
                Frame Bip001_Bone006 {
                  FrameTransformMatrix {
                     1.000000, 0.000000,-0.000001, 0.000000,
                    -0.000000, 1.000000,-0.000000, 0.000000,
                     0.000001, 0.000000, 1.000000, 0.000000,
                    32.426659,-0.000028,-0.000002, 1.000000;;
                  }
                  Frame Bip001_Bone006_end {
                    FrameTransformMatrix {
                       1.000000,-0.000000, 0.000000, 0.000000,
                       0.000000, 1.000000, 0.000000, 0.000000,
                      -0.000000,-0.000000, 1.000000, 0.000000,
                       0.000002,32.426674,-0.000004, 1.000000;;
                    }
                  } // End of Bip001_Bone006_end
                } // End of Bip001_Bone006
              } // End of Bip001_Bone005
            } // End of Bip001_Bip001_Head
            Frame Bip001_Bip001_L_Clavicle {
              FrameTransformMatrix {
                -0.223783, 0.144048, 0.963936, 0.000000,
                -0.201560,-0.974478, 0.098830, 0.000000,
                 0.953570,-0.172174, 0.247105, 0.000000,
                -4.549559, 0.643076,13.917525, 1.000000;;
              }
              Frame Bip001_Bip001_L_UpperArm {
                FrameTransformMatrix {
                   0.694065,-0.403747,-0.596038, 0.000000,
                   0.070762, 0.862184,-0.501629, 0.000000,
                   0.716426, 0.305986, 0.626982, 0.000000,
                  21.460003, 0.000003,-0.000016, 1.000000;;
                }
                Frame Bip001_Bip001_L_Forearm {
                  FrameTransformMatrix {
                     0.989125,-0.147076, 0.000001, 0.000000,
                     0.147076, 0.989125, 0.000000, 0.000000,
                    -0.000001,-0.000000, 1.000000, 0.000000,
                    19.978584,-0.000011,-0.000005, 1.000000;;
                  }
                  Frame Bip001_Bip001_L_Hand {
                    FrameTransformMatrix {
                       1.000000, 0.000000, 0.000000, 0.000000,
                      -0.000000, 0.125180,-0.992134, 0.000000,
                      -0.000000, 0.992134, 0.125180, 0.000000,
                      18.639118,-0.000039,-0.000020, 1.000000;;
                    }
                    Frame Bip001_Bip001_L_Finger0 {
                      FrameTransformMatrix {
                         0.900609, 0.256144,-0.351133, 0.000000,
                         0.408056,-0.220141, 0.886018, 0.000000,
                         0.149650,-0.941237,-0.302782, 0.000000,
                         6.771173, 1.615855,-7.004962, 1.000000;;
                      }
                      Frame Bip001_Bip001_L_Finger01 {
                        FrameTransformMatrix {
                           0.877316, 0.479913, 0.000000, 0.000000,
                          -0.479913, 0.877316, 0.000001, 0.000000,
                          -0.000000,-0.000001, 1.000000, 0.000000,
                           7.128132,-0.000005,-0.000006, 1.000000;;
                        }
                        Frame Bip001_Bip001_L_Finger0Nub {
                          FrameTransformMatrix {
                             1.000000,-0.000002, 0.000001, 0.000000,
                             0.000002, 1.000000, 0.000002, 0.000000,
                            -0.000001,-0.000002, 1.000000, 0.000000,
                             5.226246,-0.000003, 0.000028, 1.000000;;
                          }
                          Frame Bip001_Bip001_L_Finger0Nub_end {
                            FrameTransformMatrix {
                               1.000000, 0.000002, 0.000000, 0.000000,
                              -0.000002, 1.000000,-0.000003, 0.000000,
                              -0.000000, 0.000003, 1.000000, 0.000000,
                              -0.000002, 5.226239, 0.000010, 1.000000;;
                            }
                          } // End of Bip001_Bip001_L_Finger0Nub_end
                        } // End of Bip001_Bip001_L_Finger0Nub
                      } // End of Bip001_Bip001_L_Finger01
                    } // End of Bip001_Bip001_L_Finger0
                    Frame Bip001_Bip001_L_Finger1 {
                      FrameTransformMatrix {
                         0.995166, 0.000079, 0.098208, 0.000000,
                         0.012002, 0.992407,-0.122413, 0.000000,
                        -0.097472, 0.123000, 0.987608, 0.000000,
                         9.308820,-0.836890, 0.918726, 1.000000;;
                      }
                      Frame Bip001_Bip001_L_Finger11 {
                        FrameTransformMatrix {
                           0.939373, 0.342897,-0.000005, 0.000000,
                          -0.342897, 0.939373, 0.000000, 0.000000,
                           0.000005, 0.000002, 1.000000, 0.000000,
                           7.851624, 0.000003, 0.000004, 1.000000;;
                        }
                        Frame Bip001_Bip001_L_Finger1Nub {
                          FrameTransformMatrix {
                             1.000000,-0.000000, 0.000005, 0.000000,
                             0.000000, 1.000000, 0.000000, 0.000000,
                            -0.000005,-0.000000, 1.000000, 0.000000,
                             7.407990, 0.000001, 0.000057, 1.000000;;
                          }
                          Frame Bip001_Bip001_L_Finger1Nub_end {
                            FrameTransformMatrix {
                               1.000000, 0.000000,-0.000000, 0.000000,
                              -0.000000, 1.000000,-0.000000, 0.000000,
                               0.000000, 0.000000, 1.000000, 0.000000,
                              -0.000004, 7.407982, 0.000004, 1.000000;;
                            }
                          } // End of Bip001_Bip001_L_Finger1Nub_end
                        } // End of Bip001_Bip001_L_Finger1Nub
                      } // End of Bip001_Bip001_L_Finger11
                    } // End of Bip001_Bip001_L_Finger1
                  } // End of Bip001_Bip001_L_Hand
                } // End of Bip001_Bip001_L_Forearm
              } // End of Bip001_Bip001_L_UpperArm
            } // End of Bip001_Bip001_L_Clavicle
            Frame Bip001_Bip001_R_Clavicle {
              FrameTransformMatrix {
                -0.223779, 0.144053,-0.963934, 0.000000,
                -0.201559,-0.974477,-0.098836, 0.000000,
                -0.953570, 0.172173, 0.247105, 0.000000,
                -4.549606, 0.643184,-13.917515, 1.000000;;
              }
              Frame Bip001_Bip001_R_UpperArm {
                FrameTransformMatrix {
                   0.694065,-0.403747, 0.596039, 0.000000,
                   0.070762, 0.862183, 0.501630, 0.000000,
                  -0.716426,-0.305986, 0.626981, 0.000000,
                  21.460012, 0.000023,-0.000011, 1.000000;;
                }
                Frame Bip001_Bip001_R_Forearm {
                  FrameTransformMatrix {
                     0.989125,-0.147076,-0.000001, 0.000000,
                     0.147076, 0.989125,-0.000000, 0.000000,
                     0.000001, 0.000000, 1.000000, 0.000000,
                    19.978630, 0.000006,-0.000007, 1.000000;;
                  }
                  Frame Bip001_Bip001_R_Hand {
                    FrameTransformMatrix {
                       1.000000,-0.000000, 0.000000, 0.000000,
                      -0.000000, 0.125180, 0.992134, 0.000000,
                      -0.000000,-0.992134, 0.125180, 0.000000,
                      18.639126, 0.000015, 0.000037, 1.000000;;
                    }
                    Frame Bip001_Bip001_R_Finger0 {
                      FrameTransformMatrix {
                         0.900609, 0.256143, 0.351133, 0.000000,
                         0.408055,-0.220141,-0.886019, 0.000000,
                        -0.149649, 0.941238,-0.302781, 0.000000,
                         6.771204, 1.615835, 7.004932, 1.000000;;
                      }
                      Frame Bip001_Bip001_R_Finger01 {
                        FrameTransformMatrix {
                           0.877315, 0.479914, 0.000001, 0.000000,
                          -0.479914, 0.877315, 0.000000, 0.000000,
                          -0.000000,-0.000001, 1.000000, 0.000000,
                           7.128132,-0.000027,-0.000013, 1.000000;;
                        }
                        Frame Bip001_Bip001_R_Finger0Nub {
                          FrameTransformMatrix {
                            -1.000000, 0.000000,-0.000001, 0.000000,
                             0.000000, 1.000000,-0.000000, 0.000000,
                             0.000001,-0.000000,-1.000000, 0.000000,
                             5.226263,-0.000002, 0.000005, 1.000000;;
                          }
                          Frame Bip001_Bip001_R_Finger0Nub_end {
                            FrameTransformMatrix {
                               1.000000, 0.000000,-0.000001, 0.000000,
                              -0.000000, 1.000000,-0.000000, 0.000000,
                               0.000001, 0.000000, 1.000000, 0.000000,
                               0.000004, 5.226274,-0.000002, 1.000000;;
                            }
                          } // End of Bip001_Bip001_R_Finger0Nub_end
                        } // End of Bip001_Bip001_R_Finger0Nub
                      } // End of Bip001_Bip001_R_Finger01
                    } // End of Bip001_Bip001_R_Finger0
                    Frame Bip001_Bip001_R_Finger1 {
                      FrameTransformMatrix {
                         0.995166, 0.000078,-0.098208, 0.000000,
                         0.012003, 0.992407, 0.122414, 0.000000,
                         0.097472,-0.123001, 0.987608, 0.000000,
                         9.308828,-0.836927,-0.918783, 1.000000;;
                      }
                      Frame Bip001_Bip001_R_Finger11 {
                        FrameTransformMatrix {
                           0.939372, 0.342899, 0.000000, 0.000000,
                          -0.342899, 0.939372,-0.000000, 0.000000,
                          -0.000000, 0.000000, 1.000000, 0.000000,
                           7.851645, 0.000018, 0.000018, 1.000000;;
                        }
                        Frame Bip001_Bip001_R_Finger1Nub {
                          FrameTransformMatrix {
                            -1.000000,-0.000001, 0.000001, 0.000000,
                            -0.000001, 1.000000, 0.000001, 0.000000,
                            -0.000001, 0.000001,-1.000000, 0.000000,
                             7.407992,-0.000002,-0.000003, 1.000000;;
                          }
                          Frame Bip001_Bip001_R_Finger1Nub_end {
                            FrameTransformMatrix {
                               1.000000, 0.000000, 0.000000, 0.000000,
                              -0.000000, 1.000000, 0.000001, 0.000000,
                              -0.000000,-0.000001, 1.000000, 0.000000,
                              -0.000003, 7.407995,-0.000002, 1.000000;;
                            }
                          } // End of Bip001_Bip001_R_Finger1Nub_end
                        } // End of Bip001_Bip001_R_Finger1Nub
                      } // End of Bip001_Bip001_R_Finger11
                    } // End of Bip001_Bip001_R_Finger1
                  } // End of Bip001_Bip001_R_Hand
                } // End of Bip001_Bip001_R_Forearm
              } // End of Bip001_Bip001_R_UpperArm
            } // End of Bip001_Bip001_R_Clavicle
          } // End of Bip001_Bip001_Neck
        } // End of Bip001_Bip001_Spine1
        Frame Bip001_Bip001_Tail {
          FrameTransformMatrix {
            -0.990718,-0.135848,-0.000001, 0.000000,
             0.135848,-0.990730,-0.000006, 0.000000,
             0.000000,-0.000006, 1.000000, 0.000000,
            -57.707226,-13.076765,-0.000077, 1.000000;;
          }
          Frame Bip001_Bip001_TailNub {
            FrameTransformMatrix {
               0.000798, 1.000000, 0.000003, 0.000000,
               0.999999,-0.000798, 0.000000, 0.000000,
               0.000000, 0.000003,-1.000000, 0.000000,
              33.075737,-0.000058,-0.000001, 1.000000;;
            }
            Frame Bip001_Bip001_TailNub_end {
              FrameTransformMatrix {
                 1.000000, 0.000000,-0.000000, 0.000000,
                -0.000000, 1.000000,-0.000000, 0.000000,
                 0.000000, 0.000000, 1.000000, 0.000000,
                -0.000003,33.076237,-0.000000, 1.000000;;
              }
            } // End of Bip001_Bip001_TailNub_end
          } // End of Bip001_Bip001_TailNub
        } // End of Bip001_Bip001_Tail
        Frame Bip001_Bone001 {
          FrameTransformMatrix {
            -0.367092,-0.930185,-0.000002, 0.000000,
            -0.930185, 0.367092, 0.000002, 0.000000,
            -0.000001, 0.000003,-1.000000, 0.000000,
             8.087156,-21.422106,-0.000087, 1.000000;;
          }
          Frame Bip001_Bone002 {
            FrameTransformMatrix {
               1.000000, 0.000001,-0.000001, 0.000000,
              -0.000001, 1.000000, 0.000000, 0.000000,
               0.000001,-0.000000, 1.000000, 0.000000,
              89.765121,-0.000004,-0.000042, 1.000000;;
            }
            Frame Bip001_Bone002_end {
              FrameTransformMatrix {
                 1.000000,-0.000000, 0.000000, 0.000000,
                 0.000000, 1.000000,-0.000000, 0.000000,
                -0.000000, 0.000000, 1.000000, 0.000000,
                -0.000002,89.765121,-0.000000, 1.000000;;
              }
            } // End of Bip001_Bone002_end
          } // End of Bip001_Bone002
        } // End of Bip001_Bone001
      } // End of Bip001_Bip001_Spine
    } // End of Bip001_Bip001_Pelvis
    Frame zha_dan_ren_001_ty {
      FrameTransformMatrix {
         0.000001, 1.000000, 0.000000, 0.000000,
        -0.951421, 0.000001,-0.307893, 0.000000,
        -0.307893,-0.000000, 0.951421, 0.000000,
        51.456825,-0.000013,-83.892838, 1.000000;;
      }
      Mesh { // zha_dan_ren_001_ty mesh
        2598;
        25.611399;-48.917320;117.189995;,
        20.687689;-56.116028;104.624596;,
        33.623367;-55.523499;101.701599;,
        33.623367;-55.523499;101.701599;,
        36.858021;-49.177559;112.083298;,
        25.611399;-48.917320;117.189995;,
        29.387989;-50.830368;89.916954;,
        33.623367;-55.523499;101.701599;,
        20.687689;-56.116028;104.624596;,
        20.687689;-56.116028;104.624596;,
        20.415100;-51.001648;90.172401;,
        29.387989;-50.830368;89.916954;,
        39.878540;-37.827610;79.516106;,
        43.802757;-35.671497;82.676765;,
        46.229328;-35.834599;79.472916;,
        46.229328;-35.834599;79.472916;,
        42.377331;-38.152901;76.613068;,
        39.878540;-37.827610;79.516106;,
        46.475288;-39.206150;84.258598;,
        48.476002;-39.648899;80.964661;,
        46.229328;-35.834599;79.472916;,
        46.229328;-35.834599;79.472916;,
        43.802757;-35.671497;82.676765;,
        46.475288;-39.206150;84.258598;,
        43.898308;-43.012280;83.233147;,
        46.061291;-43.635109;79.951889;,
        48.476002;-39.648899;80.964661;,
        48.476002;-39.648899;80.964661;,
        46.475288;-39.206150;84.258598;,
        43.898308;-43.012280;83.233147;,
        40.601280;-42.254368;80.601212;,
        42.914021;-42.823090;77.515701;,
        46.061291;-43.635109;79.951889;,
        46.061291;-43.635109;79.951889;,
        43.898308;-43.012280;83.233147;,
        40.601280;-42.254368;80.601212;,
        40.601280;-42.254368;80.601212;,
        39.878540;-37.827610;79.516106;,
        42.377331;-38.152901;76.613068;,
        42.377331;-38.152901;76.613068;,
        42.914021;-42.823090;77.515701;,
        40.601280;-42.254368;80.601212;,
        30.018002;-47.484520;96.991547;,
        28.617239;-43.825138;91.014610;,
        32.559650;-45.793087;93.579956;,
        30.018002;-47.484520;96.991547;,
        32.559650;-45.793087;93.579956;,
        37.365150;-44.354008;98.405731;,
        37.365150;-44.354008;98.405731;,
        35.722038;-45.890858;104.850700;,
        30.018002;-47.484520;96.991547;,
        40.994350;-38.006939;100.361694;,
        39.708469;-38.284241;106.784599;,
        35.722038;-45.890858;104.850700;,
        35.722038;-45.890858;104.850700;,
        37.365150;-44.354008;98.405731;,
        40.994350;-38.006939;100.361694;,
        36.464291;-30.127060;101.590401;,
        39.708469;-38.284241;106.784599;,
        40.994350;-38.006939;100.361694;,
        40.994350;-38.006939;100.361694;,
        38.002888;-32.391331;95.341400;,
        36.464291;-30.127060;101.590401;,
        50.820179;-47.310528;58.261017;,
        54.129009;-45.660271;58.327198;,
        56.374138;-48.365948;60.822968;,
        58.260960;-33.199150;59.499489;,
        55.475319;-34.471470;57.366737;,
        53.638710;-35.747269;66.682159;,
        53.638710;-35.747269;66.682159;,
        55.475319;-34.471470;57.366737;,
        54.330769;-37.300148;56.652218;,
        54.330769;-37.300148;56.652218;,
        49.283348;-38.855488;64.302071;,
        53.638710;-35.747269;66.682159;,
        60.678368;-36.501270;61.375469;,
        53.638710;-35.747269;66.682159;,
        55.355610;-41.420979;68.261070;,
        55.355610;-41.420979;68.261070;,
        62.114918;-40.467350;62.534618;,
        60.678368;-36.501270;61.375469;,
        50.820179;-47.310528;58.261017;,
        53.571949;-50.803040;52.897919;,
        53.829407;-53.036320;54.809837;,
        53.829407;-53.036320;54.809837;,
        50.956867;-50.078018;60.904778;,
        50.820179;-47.310528;58.261017;,
        50.820179;-47.310528;58.261017;,
        56.374138;-48.365948;60.822968;,
        56.388008;-50.685917;55.208290;,
        56.388008;-50.685917;55.208290;,
        53.571949;-50.803040;52.897919;,
        50.820179;-47.310528;58.261017;,
        56.388008;-50.685917;55.208290;,
        56.374138;-48.365948;60.822968;,
        50.956867;-50.078018;60.904778;,
        50.956867;-50.078018;60.904778;,
        53.829407;-53.036320;54.809837;,
        56.388008;-50.685917;55.208290;,
        49.270489;-44.812450;64.948082;,
        49.283348;-38.855488;64.302071;,
        50.820179;-47.310528;58.261017;,
        50.820179;-47.310528;58.261017;,
        49.283348;-38.855488;64.302071;,
        53.753490;-41.358917;56.473209;,
        49.270489;-44.812450;64.948082;,
        50.820179;-47.310528;58.261017;,
        50.956867;-50.078018;60.904778;,
        52.722328;-45.894680;67.151016;,
        50.956867;-50.078018;60.904778;,
        56.374138;-48.365948;60.822968;,
        53.829407;-53.036320;54.809837;,
        53.571949;-50.803040;52.897919;,
        57.871899;-50.742668;48.357208;,
        56.388008;-50.685917;55.208290;,
        57.871899;-50.742668;48.357208;,
        53.571949;-50.803040;52.897919;,
        56.388008;-50.685917;55.208290;,
        53.829407;-53.036320;54.809837;,
        57.871899;-50.742668;48.357208;,
        58.260960;-33.199150;59.499489;,
        60.678368;-36.501270;61.375469;,
        63.395977;-36.698837;54.503490;,
        63.395977;-36.698837;54.503490;,
        62.271797;-34.304920;53.828438;,
        58.260960;-33.199150;59.499489;,
        60.678368;-36.501270;61.375469;,
        62.114918;-40.467350;62.534618;,
        65.722855;-40.726978;53.634708;,
        65.722855;-40.726978;53.634708;,
        65.262321;-38.185940;52.836010;,
        60.678368;-36.501270;61.375469;,
        62.114918;-40.467350;62.534618;,
        60.781307;-44.710487;62.359879;,
        64.465889;-44.710567;53.435020;,
        64.465889;-44.710567;53.435020;,
        65.415588;-41.882877;53.295898;,
        62.114918;-40.467350;62.534618;,
        60.781307;-44.710487;62.359879;,
        56.374138;-48.365948;60.822968;,
        60.906250;-48.647667;54.282009;,
        60.906250;-48.647667;54.282009;,
        63.227657;-45.956409;54.763100;,
        60.781307;-44.710487;62.359879;,
        63.395977;-36.698837;54.503490;,
        63.015717;-36.442341;46.589268;,
        62.271797;-34.304920;53.828438;,
        65.262321;-38.185940;52.836010;,
        64.521111;-39.916660;43.983837;,
        61.082199;-39.015278;51.107307;,
        65.722855;-40.726978;53.634708;,
        64.521111;-39.916660;43.983837;,
        65.262321;-38.185940;52.836010;,
        64.465889;-44.710567;53.435020;,
        64.654030;-43.204308;42.273960;,
        65.415588;-41.882877;53.295898;,
        60.906250;-48.647667;54.282009;,
        64.173538;-45.818310;43.865849;,
        63.227657;-45.956409;54.763100;,
        64.173538;-45.818310;43.865849;,
        59.645088;-46.634140;53.186577;,
        63.227657;-45.956409;54.763100;,
        60.906250;-48.647667;54.282009;,
        59.645088;-46.634140;53.186577;,
        64.173538;-45.818310;43.865849;,
        54.129009;-45.660271;58.327198;,
        59.645088;-46.634140;53.186577;,
        60.906250;-48.647667;54.282009;,
        60.906250;-48.647667;54.282009;,
        56.374138;-48.365948;60.822968;,
        54.129009;-45.660271;58.327198;,
        64.654030;-43.204308;42.273960;,
        60.671459;-42.678478;50.767002;,
        65.415588;-41.882877;53.295898;,
        64.465889;-44.710567;53.435020;,
        60.671459;-42.678478;50.767002;,
        64.654030;-43.204308;42.273960;,
        65.722855;-40.726978;53.634708;,
        61.082199;-39.015278;51.107307;,
        64.521111;-39.916660;43.983837;,
        62.271797;-34.304920;53.828438;,
        63.015717;-36.442341;46.589268;,
        59.781059;-35.243328;52.333660;,
        63.395977;-36.698837;54.503490;,
        59.781059;-35.243328;52.333660;,
        63.015717;-36.442341;46.589268;,
        59.781059;-35.243328;52.333660;,
        55.475319;-34.471470;57.366737;,
        58.260960;-33.199150;59.499489;,
        58.260960;-33.199150;59.499489;,
        62.271797;-34.304920;53.828438;,
        59.781059;-35.243328;52.333660;,
        50.820179;-47.310528;58.261017;,
        53.753490;-41.358917;56.473209;,
        54.129009;-45.660271;58.327198;,
        61.082199;-39.015278;51.107307;,
        54.330769;-37.300148;56.652218;,
        60.678368;-36.501270;61.375469;,
        60.678368;-36.501270;61.375469;,
        65.262321;-38.185940;52.836010;,
        61.082199;-39.015278;51.107307;,
        54.330769;-37.300148;56.652218;,
        53.753490;-41.358917;56.473209;,
        49.283348;-38.855488;64.302071;,
        62.114918;-40.467350;62.534618;,
        54.330769;-37.300148;56.652218;,
        61.082199;-39.015278;51.107307;,
        61.082199;-39.015278;51.107307;,
        65.722855;-40.726978;53.634708;,
        62.114918;-40.467350;62.534618;,
        54.330769;-37.300148;56.652218;,
        62.114918;-40.467350;62.534618;,
        53.753490;-41.358917;56.473209;,
        64.465889;-44.710567;53.435020;,
        60.781307;-44.710487;62.359879;,
        53.753490;-41.358917;56.473209;,
        53.753490;-41.358917;56.473209;,
        60.671459;-42.678478;50.767002;,
        64.465889;-44.710567;53.435020;,
        53.753490;-41.358917;56.473209;,
        60.781307;-44.710487;62.359879;,
        54.129009;-45.660271;58.327198;,
        55.475319;-34.471470;57.366737;,
        59.781059;-35.243328;52.333660;,
        63.395977;-36.698837;54.503490;,
        63.395977;-36.698837;54.503490;,
        60.678368;-36.501270;61.375469;,
        55.475319;-34.471470;57.366737;,
        60.781307;-44.710487;62.359879;,
        63.227657;-45.956409;54.763100;,
        59.645088;-46.634140;53.186577;,
        59.645088;-46.634140;53.186577;,
        54.129009;-45.660271;58.327198;,
        60.781307;-44.710487;62.359879;,
        53.753490;-41.358917;56.473209;,
        62.114918;-40.467350;62.534618;,
        65.415588;-41.882877;53.295898;,
        65.415588;-41.882877;53.295898;,
        60.671459;-42.678478;50.767002;,
        53.753490;-41.358917;56.473209;,
        54.330769;-37.300148;56.652218;,
        55.475319;-34.471470;57.366737;,
        60.678368;-36.501270;61.375469;,
        53.638710;-35.747269;66.682159;,
        60.678368;-36.501270;61.375469;,
        58.260960;-33.199150;59.499489;,
        62.114918;-40.467350;62.534618;,
        55.355610;-41.420979;68.261070;,
        60.781307;-44.710487;62.359879;,
        52.722328;-45.894680;67.151016;,
        56.374138;-48.365948;60.822968;,
        60.781307;-44.710487;62.359879;,
        60.781307;-44.710487;62.359879;,
        55.355610;-41.420979;68.261070;,
        52.722328;-45.894680;67.151016;,
        38.468227;-42.329018;83.762100;,
        37.051258;-37.432919;82.666649;,
        38.566120;-37.615799;81.204559;,
        44.577698;-38.619778;88.166695;,
        41.938408;-42.761658;86.444229;,
        45.369068;-38.957767;86.071220;,
        44.577698;-38.619778;88.166695;,
        45.369068;-38.957767;86.071220;,
        42.715729;-35.438679;84.359955;,
        42.715729;-35.438679;84.359955;,
        41.468288;-35.055241;85.921860;,
        44.577698;-38.619778;88.166695;,
        41.468288;-35.055241;85.921860;,
        42.715729;-35.438679;84.359955;,
        38.566120;-37.615799;81.204559;,
        38.566120;-37.615799;81.204559;,
        37.051258;-37.432919;82.666649;,
        41.468288;-35.055241;85.921860;,
        45.369068;-38.957767;86.071220;,
        46.475288;-39.206150;84.258598;,
        43.802757;-35.671497;82.676765;,
        43.802757;-35.671497;82.676765;,
        42.715729;-35.438679;84.359955;,
        45.369068;-38.957767;86.071220;,
        45.369068;-38.957767;86.071220;,
        43.898308;-43.012280;83.233147;,
        46.475288;-39.206150;84.258598;,
        38.468227;-42.329018;83.762100;,
        40.601280;-42.254368;80.601212;,
        43.898308;-43.012280;83.233147;,
        43.898308;-43.012280;83.233147;,
        41.938408;-42.761658;86.444229;,
        38.468227;-42.329018;83.762100;,
        40.601280;-42.254368;80.601212;,
        38.566120;-37.615799;81.204559;,
        39.878540;-37.827610;79.516106;,
        38.566120;-37.615799;81.204559;,
        42.715729;-35.438679;84.359955;,
        43.802757;-35.671497;82.676765;,
        43.802757;-35.671497;82.676765;,
        39.878540;-37.827610;79.516106;,
        38.566120;-37.615799;81.204559;,
        45.369068;-38.957767;86.071220;,
        41.938408;-42.761658;86.444229;,
        43.898308;-43.012280;83.233147;,
        38.468227;-42.329018;83.762100;,
        38.566120;-37.615799;81.204559;,
        40.601280;-42.254368;80.601212;,
        31.380619;-36.338879;89.630821;,
        36.464291;-30.127060;101.590401;,
        38.002888;-32.391331;95.341400;,
        49.270489;-44.812450;64.948082;,
        50.956867;-50.078018;60.904778;,
        52.722328;-45.894680;67.151016;,
        21.366909;-49.747288;103.843796;,
        20.687689;-56.116028;104.624596;,
        25.611399;-48.917320;117.189995;,
        21.366909;-49.747288;103.843796;,
        20.415100;-51.001648;90.172401;,
        20.687689;-56.116028;104.624596;,
        28.395130;-37.869728;116.534599;,
        21.366909;-49.747288;103.843796;,
        25.611399;-48.917320;117.189995;,
        50.083080;-40.178608;106.131195;,
        49.919937;-31.748560;99.999435;,
        50.537621;-29.685360;103.890800;,
        50.537621;-29.685360;103.890800;,
        51.969650;-40.611000;112.462898;,
        50.083080;-40.178608;106.131195;,
        48.073509;-49.101959;105.005394;,
        50.083080;-40.178608;106.131195;,
        51.969650;-40.611000;112.462898;,
        51.969650;-40.611000;112.462898;,
        49.421547;-52.654957;111.517494;,
        48.073509;-49.101959;105.005394;,
        48.073509;-49.101959;105.005394;,
        49.421547;-52.654957;111.517494;,
        45.312820;-58.322487;100.971100;,
        45.312820;-58.322487;100.971100;,
        45.213181;-51.384357;97.542030;,
        48.073509;-49.101959;105.005394;,
        23.191519;-41.995758;91.803040;,
        28.617239;-43.825138;91.014610;,
        29.387989;-50.830368;89.916954;,
        45.213181;-51.384357;97.542030;,
        45.312820;-58.322487;100.971100;,
        43.628281;-56.677769;88.538986;,
        43.628281;-56.677769;88.538986;,
        44.506958;-50.395500;90.083008;,
        45.213181;-51.384357;97.542030;,
         0.000000;-47.562687;171.036789;,
         0.000000;-54.118748;146.100601;,
        27.197159;-50.594097;141.538589;,
        27.197159;-50.594097;141.538589;,
        27.923340;-35.293278;171.674789;,
         0.000000;-47.562687;171.036789;,
        48.064751;-12.958320;106.759697;,
        42.778950; 0.964616;85.118828;,
        50.818748;22.630569;89.363068;,
         0.000000;-19.382519;191.550293;,
        21.645399; 3.688992;189.027893;,
        -0.828780;11.440479;195.076096;,
        24.615780;52.925888;170.100189;,
         0.971853;33.993111;190.158295;,
        40.044468;31.505079;176.823593;,
        28.395130;-37.869728;116.534599;,
        16.597319;-49.528568;110.107796;,
        21.366909;-49.747288;103.843796;,
        19.400520;-31.564339;76.325645;,
        16.484529;-23.999390;70.324875;,
        24.684710;-23.677319;85.330139;,
        12.706940;-59.242779;94.985619;,
        13.554830;-55.405319;86.108589;,
        20.415100;-51.001648;90.172401;,
        20.415100;-51.001648;90.172401;,
        21.366909;-49.747288;103.843796;,
        12.706940;-59.242779;94.985619;,
        34.331921;-36.802959;-0.000009;,
        33.061089;-23.208130;15.254330;,
        28.689650;-23.863319;-0.000009;,
        43.546608;-20.338779;13.731680;,
        46.683968;-20.151030;-0.000009;,
        46.387470;-6.701335;-0.000002;,
        46.387470;-6.701335;-0.000002;,
        42.086571; 5.399294;13.693310;,
        43.546608;-20.338779;13.731680;,
        41.964359;10.650000; 0.000014;,
        32.804527;-3.039954; 0.000006;,
        32.059299;19.276989; 0.000014;,
        32.629848;-6.352524;18.976929;,
        43.546608;-20.338779;13.731680;,
        42.086571; 5.399294;13.693310;,
        41.964359;10.650000; 0.000014;,
        42.086571; 5.399294;13.693310;,
        46.387470;-6.701335;-0.000002;,
        40.509197; 4.587722;26.654879;,
        32.618931;-5.097818;26.087479;,
        42.086571; 5.399294;13.693310;,
        34.331921;-36.802959;-0.000009;,
        39.156128;-22.417009;-0.000009;,
        33.061089;-23.208130;15.254330;,
        32.629848;-6.352524;18.976929;,
        22.533449;-21.892130;14.581400;,
        32.848389;-21.739889;20.591129;,
        22.533449;-21.892130;14.581400;,
        22.982590; 6.341104;13.153680;,
        20.763979;-5.071259; 0.000006;,
        20.763979;-5.071259; 0.000006;,
        19.754419;-22.107220;-0.000009;,
